21.6
21.7
21.6
21.7
21.6
21.6
21.7
21.6
21.7
21.6
21.7
21.7
21.6
21.7
21.7
21.6
21.7
21.7
21.6
21.7
21.6
21.7
21.6
21.6
21.7
21.9
21.6
21.8
21.5
21.6
21.7
21.6
21.7
21.7
21.7
21.7
21.7
21.6
21.7
21.6
21.8
21.6
21.8
21.7
21.7
21.7
21.6
21.8
21.8
21.6
21.5
21.2
21
21
21.2
21.1
21.2
21.2
21.1
21.1
20.8
21
20.9
21.2
21.2
20.9
20.8
20.6
20.6
20.8
20.8
20.6
20.7
20.7
20.7
20.6
20.5
20.5
20.6
20.4
20.5
20.5
20.3
20.4
20.5
20.4
20.6
20.3
20.4
20.3
20.2
20.2
20.2
20.2
20.4
20.2
20.2
20.2
20.4
20.2
20.1
20.3
20.2
20
20
20
20.1
20.1
20.2
20.3
20.4
20.6
20.7
20.9
20.8
21.2
21.4
21.5
21.6
21.7
21.7
21.8
21.8
21.9
21.8
21.8
22
22
22.2
22.2
22.1
22.2
22.2
22.3
22.4
22.5
22.6
22.6
22.6
22.7
22.7
22.8
22.7
23.2
22.9
22.9
23
23.3
23.2
23.2
23.2
23.3
23.2
23.4
23.5
23.4
23.3
23.6
23.6
23.7
23.7
23.8
23.6
23.8
23.9
23.9
23.8
24.1
24.3
24.2
24.4
24.4
24.5
24.3
24.3
24.4
24.5
24.5
24.6
25
24.7
25.1
24.8
25.1
25.3
24.9
25.1
25.2
25.1
25.4
25.4
25.4
25.4
25.5
25.5
25.6
25.7
25.8
26
26.1
26
26
26
26.1
26
26.2
26.2
26
26.2
26.3
26.3
26.4
26.4
26.4
26.6
26.7
26.6
26.6
26.8
26.8
26.9
26.8
27.1
27
27
27.1
27.1
27.1
27.1
27
27.1
27.4
27.6
27.3
27.4
27.4
27.8
27.6
27.7
27.8
27.8
27.7
27.7
27.9
27.9
28.1
28.2
28.2
28
28.1
28.3
28.4
28.4
28.5
28.6
28.5
28.5
28.6
28.6
28.7
28.5
28.7
28.6
28.8
28.9
28.9
28.8
28.8
28.8
28.9
29
29
29.1
29.1
29.4
29.3
29.5
29.3
29.5
29.4
29.4
29.6
29.7
29.5
29.7
29.8
29.7
29.8
29.8
29.8
30
30
30.1
30.1
30.1
30
30.2
30.1
30.3
30.5
30.5
30.5
30.4
30.5
30.5
30.5
30.6
30.7
30.6
30.7
30.7
30.7
30.7
30.8
30.8
30.7
30.9
31
31.1
31
31
31
30.9
31.1
31.2
31.1
31.2
31.2
31.2
31.4
31.3
31.4
31.6
31.5
31.7
31.6
31.5
31.6
31.5
31.6
31.9
31.9
31.8
32.3
31.8
31.8
31.9
31.9
32.1
32
32.1
32.1
32.1
32.1
32.2
32.4
32.2
32.4
32.3
32.3
32.4
32.6
32.5
32.5
32.6
32.5
32.6
32.6
32.7
32.6
32.9
32.7
32.8
32.8
32.8
32.8
32.9
32.8
32.9
32.9
32.9
33
33
33.1
33
33.2
33.1
33.2
33.2
33.3
33.2
33.3
33.3
33.3
33.4
33.4
33.5
33.5
33.3
33.6
33.6
33.7
33.5
33.6
33.7
33.6
33.9
33.9
33.9
33.8
33.8
34
33.9
33.9
34
34
33.9
34
34.1
34.2
34.2
34.1
34.1
34.3
34.2
34.2
34.3
34.4
34.2
34.4
34.4
34.5
34.3
34.5
34.4
34.5
34.4
34.4
34.5
34.6
34.6
34.5
34.6
34.6
34.6
34.6
34.6
34.6
34.8
34.6
34.6
34.7
34.7
34.8
34.8
34.7
34.8
34.9
34.8
34.9
34.9
34.9
34.9
35
35.1
35.1
35
35
35
35.1
35.1
35
35.1
35.1
35
35.2
35.2
35.2
35.3
35.3
35.3
35.3
35.3
35.3
35.3
35.4
35.5
35.3
35.5
35.4
35.4
35.6
35.6
35.5
35.6
35.5
35.5
35.6
35.7
35.5
35.8
35.7
35.8
35.8
35.8
35.7
35.8
35.7
35.8
35.9
35.8
35.9
35.8
35.8
35.9
36
35.9
35.9
35.9
36
36.1
36
35.9
36
36
36.1
36
36.1
36.2
36.1
36.2
36.2
36.2
36.2
36.2
36.3
36.2
36.3
36.2
36.3
36.3
36.3
36.4
36.4
36.3
36.4
36.3
36.4
36.5
36.3
36.5
36.6
36.5
36.5
36.6
36.6
36.6
36.6
36.6
36.5
36.5
36.7
36.6
36.8
36.6
36.7
36.7
36.7
36.7
36.7
36.8
36.9
36.8
36.8
36.9
36.8
36.8
36.9
36.8
36.9
36.8
36.9
36.9
36.8
37
36.9
37
37
36.9
37
37
37
37
37.2
37
37.2
37.1
37.1
37.2
37.1
37.2
37.2
37.1
37.1
37.2
37.1
37.1
37.2
37.2
37.2
37.3
37.2
37.3
37.2
37.3
37.3
37.4
37.4
37.3
37.3
37.4
37.3
37.4
37.4
37.5
37.4
37.4
37.5
37.3
37.5
37.6
37.4
37.5
37.6
37.6
37.6
36.9
37.5
37.5
37.6
37.6
37.5
37.6
37.7
37.6
37.6
37.6
37.7
37.6
37.5
37.6
37.6
37.6
37.7
37.7
37.7
37.8
37.8
37.8
37.8
37.7
37.7
37.8
37.7
37.7
37.8
37.8
37.9
37.9
37.9
37.8
37.8
37.8
37.9
37.8
37.9
37.9
37.9
37.9
38
38
37.9
38
38
37.9
38
38
38.1
38.1
38
38
38.1
38
38.1
38.1
38.1
38.1
38
38.1
38.1
38.2
38.1
38.2
38.1
38.1
38.2
38.2
38.1
38.2
38.2
38.2
38.2
38.2
38.1
38.3
38.2
38.2
38.2
38.2
38.3
38.2
38.3
38.3
38.3
38.4
38.2
38.2
38.3
38.2
38.3
38.3
38.3
38.4
38.4
38.3
38.4
38.4
38.3
38.5
38.5
38.4
38.5
38.5
38.3
38.4
38.6
38.5
38.5
38.6
38.5
38.6
38.5
38.5
38.4
38.5
38.6
38.6
38.5
38.6
38.5
38.5
38.6
38.6
38.6
38.6
38.6
38.6
38.6
38.6
38.6
38.7
38.6
38.6
38.7
38.7
38.7
38.6
38.7
38.6
38.8
38.7
38.7
38.7
38.7
38.7
38.8
38.7
38.8
38.8
38.8
38.7
38.7
38.8
38.8
38.7
38.8
38.8
38.9
38.8
38.8
38.9
38.8
38.9
38.8
38.9
38.9
38.9
38.8
38.9
39
38.8
38.8
38.8
38.9
38.9
39
39
39
39
38.9
39
38.9
39
39
39
39
39.1
39
39
39.1
38.9
39.1
39.1
39
39
39
39.1
39
39.1
39
39.1
39.1
39.1
39.2
39.2
39.2
39.1
39.2
39.1
39.1
39.1
39.1
39.1
39.1
39.1
39.2
39.2
39.2
39.2
39.1
39.2
39.3
39.2
39.2
39.3
39.2
39.3
39.1
39.2
39.2
39.1
39.1
39.2
39.3
39.2
39.2
39.2
39.2
39.3
39.2
39.2
39.3
39.2
39.2
39.3
39.3
39.3
39.3
39.2
39.3
39.2
39.2
39.3
39.2
39.3
39.2
39.2
39.3
39.2
39.3
39.3
39.3
39.2
39.3
39.4
39.4
39.2
39.3
39.4
39.3
39.4
39.3
39.4
39.4
39.5
39.3
39.4
39.4
39.4
39.3
39.4
39.4
39.3
39.3
39.4
39.3
39.4
39.4
39.4
39.4
39.5
39.3
39.4
39.3
39.3
39.4
39.3
39.4
39.4
39.3
39.5
39.4
39.4
39.4
39.5
39.4
39.3
39.2
39.3
39.4
39.3
39.3
39.4
39.8
39.5
39.5
39.7
39.5
39.5
39.4
39.4
39.5
39.6
39.5
39.5
39.4
39.5
39.5
39.4
39.5
39.4
39.5
39.6
39.6
39.6
39.4
39.7
39.6
39.6
39.5
39.5
39.5
39.5
39.6
39.5
39.5
39.6
39.7
39.4
39.5
39.8
39.6
39.6
39.5
39.5
39.7
39.5
39.6
39.6
39.6
39.7
39.6
39.5
39.6
39.8
39.8
39.7
39.6
39.7
39.6
39.6
39.6
39.8
39.8
39.8
39.8
39.6
39.7
39.8
39.7
39.7
39.8
39.7
39.8
39.8
39.9
39.7
39.8
39.7
39.9
39.7
39.7
39.7
39.9
39.8
39.8
39.7
39.7
39.8
39.9
39.8
39.7
39.8
39.9
39.8
39.9
39.8
39.8
39.7
39.7
39.9
39.9
39.9
39.8
39.9
39.9
39.8
39.8
39.8
40
39.7
39.8
39.8
39.8
39.7
39.8
39.9
39.7
39.9
39.8
39.7
39.9
39.8
39.8
40
39.8
39.9
39.9
39.7
39.7
39.8
39.8
39.8
40
39.7
39.8
39.7
39.9
39.9
39.7
40
39.9
39.9
39.7
39.8
39.8
39.7
39.7
39.9
39.9
39.8
39.8
39.9
39.9
39.8
39.8
39.8
39.8
39.9
39.7
39.7
39.9
39.9
39.9
39.9
39.9
39.9
39.8
39.9
39.8
39.8
39.9
39.8
40
39.9
39.8
40
39.8
39.9
39.8
39.8
40
39.9
39.9
39.8
39.9
39.8
40
39.8
39.8
39.9
39.9
39.9
40
39.9
40
39.9
39.8
39.8
39.7
39.7
39.7
39.9
39.7
39.8
39.8
39.7
39.9
39.6
39.7
39.8
39.8
39.6
39.9
39.9
39.7
39.7
39.9
39.8
39.7
39.7
39.7
39.8
39.7
39.7
39.7
39.7
39.7
39.8
39.9
39.9
39.7
39.6
39.7
39.7
39.7
39.6
39.6
39.8
39.6
39.8
39.7
39.6
39.8
39.8
39.7
39.8
39.6
39.8
39.7
39.6
39.7
39.7
39.8
39.8
39.6
39.6
39.7
39.7
39.6
39.6
39.7
39.6
39.7
39.6
39.6
39.7
39.7
39.5
39.7
39.7
39.6
39.6
39.7
39.5
39.5
39.5
39.6
39.6
39.5
39.6
39.7
39.6
39.5
39.6
39.6
39.6
39.5
39.6
39.6
39.7
39.6
39.6
39.7
39.5
39.7
39.6
39.7
39.5
39.6
39.4
39.6
39.6
39.5
39.5
39.5
39.5
39.4
39.4
39.6
39.5
39.6
39.5
39.6
39.5
39.6
39.6
39.6
39.4
39.6
39.5
39.4
39.5
39.6
39.6
39.6
39.4
39.5
39.4
39.6
39.5
39.5
39.4
39.5
39.4
39.5
39.6
39.5
39.4
39.4
39.3
39.5
39.6
39.5
39.5
39.4
39.4
39.4
39.5
39.5
39.4
39.4
39.5
39.5
39.6
39.5
39.6
39.6
39.5
39.5
39.4
39.5
39.4
39.4
39.5
39.5
39.4
39.4
39.4
39.4
39.4
39.5
39.4
39.3
39.5
39.5
39.4
39.4
39.5
39.5
39.6
39.4
39.3
39.5
39.5
39.5
39.5
39.4
39.4
39.4
39.4
39.6
39.4
39.5
39.4
39.5
39.5
39.3
39.3
39.3
39.3
39.4
39.4
39.5
39.3
39.6
39.4
39.5
39.3
39.6
39.4
39.4
39.6
39.4
39.4
39.4
39.5
39.3
39.4
39.5
39.3
39.4
39.3
39.3
39.5
39.4
39.5
39.3
39.5
39.4
39.4
39.3
39.5
39.4
39.4
39.5
39.5
39.4
39.4
39.4
39.4
39.3
39.4
39.4
39.4
39.5
39.3
39.3
39.4
39.4
39.3
39.4
39.4
39.3
39.3
39.3
39.4
39.4
39.4
39.3
39.4
39.3
39.4
39.3
39.3
39.4
39.3
39.2
39.2
39.4
39.2
39.5
39.3
39.3
39.3
39.3
39.4
39.3
39.5
39.5
39.3
39.3
39.4
39.5
39.3
39.4
39.2
39.4
39.3
39.3
39.3
39.2
39.3
39.3
39.4
39.2
39.4
39.2
39.2
39.3
39.3
39.2
39.2
39.3
39.2
39.2
39.2
39.3
39.2
39.2
39.3
39.2
39.3
39.2
39.2
39.3
39.4
39.2
39.3
39.3
39.3
39.3
39.3
39.3
39.2
39.2
39.4
39.2
39.2
39.2
39.3
39.2
39.3
39.3
39.3
39.2
39.2
39.2
39.2
39.4
39.4
39.2
39.4
39.2
39.2
39.4
39.2
39.2
39.3
39.3
39.2
39.4
39.2
39.2
39.2
39.2
39.3
39.3
39.2
39.3
39.4
39.2
39.2
39.4
39.3
39.2
39.3
39.2
39.2
39.3
39.2
39.2
39.2
39.3
39.3
39.2
39.1
39.2
39.2
39.3
39.2
39.2
39.2
39.1
39.2
39.2
39.3
39.2
39.3
39.2
39.3
39.3
39.2
39.2
39.2
39.2
39.2
39.2
39.2
39.3
39.1
39.1
39.2
39
39.3
39.2
39.3
39.1
39.1
39.1
39.2
39.1
39.3
39.2
39.3
39.2
39.2
39.3
39.1
39.2
39.2
39.2
39.1
39.2
39.1
39.1
39.3
39.1
39.3
39.1
39.1
39.3
39.2
39.3
39.3
39.2
39.1
39.2
39.3
39.3
39.3
39.3
39.3
39.2
39.3
39.3
39.1
38.7
39.2
39.3
39.2
39.2
39.3
39.2
39.1
39.4
39.1
39.2
39.2
39.2
39.3
39.3
39.2
39.3
39.2
39.1
39.3
39.2
39.3
39.2
39.3
39.3
39.2
39.1
39
39.3
39.1
39.3
39.3
39.1
39.2
39.2
39.1
39.3
39.1
39.1
39.1
39.3
39.1
39.2
39.1
39.3
39.2
39.1
39.2
39.2
39.1
39.1
39.1
39.1
39.3
39.2
39.1
39.3
39.3
39.2
39.2
39.4
39.1
39.3
39.2
39.2
39.1
39.1
39.1
39.3
39.2
39.3
39.1
39.3
39.1
39.2
39.2
39.2
39.1
39.1
39.1
39.3
39.1
39.1
39
39.3
39.2
39.1
39.2
39.1
39.2
39.1
39.3
39
39.2
39.3
39.2
39.1
39.2
39.3
39.2
39.3
39.3
39.1
39.1
39.2
39.2
39.1
39.1
39.2
39
39.1
39.1
39.3
39.1
39.2
39.3
39.1
39.2
39.3
39.2
39.1
39.1
39.3
39.1
39.1
39.1
39.1
39.1
39.2
39.1
39.2
39.1
39.2
39.1
39.2
39.1
39.2
39
39
39.2
39.2
39
39.1
39.1
39.2
39.2
39.1
39
39.2
39
39.1
39.1
39.1
39.1
39.1
39.1
39.1
39.1
39.2
39.1
39.2
39.1
39.1
39.1
39.3
39.2
39
39.3
39.1
39.2
39.1
39.2
39.1
39.1
39.3
39.1
39
39.1
39.1
39.1
39.1
39.1
39.2
39
39
39.2
39.1
39.1
39.1
39.2
39.1
39.1
39.2
39.2
39.2
39.1
39.1
39
39.1
39.2
39.1
39
39.2
39
39
39.1
39.2
39.1
39.1
39
39.1
39.2
39
39.1
39.3
39.2
39.1
38.9
39
39.1
39.2
39.1
39.1
39.1
39.2
38.9
39.1
39
39.2
39.2
39.2
39
39.2
39.2
39.1
39
39.1
39.1
39.1
39
39
39
39.2
39.2
39
39.2
39.1
39.2
39
39
39.1
39.1
39.2
39
39.2
39
39.2
39.1
39
39.2
39.1
39
39
39
39.2
39
39.1
39.1
39
39.1
39.1
39.2
39.2
39
38.9
39.2
39
39
39
39.2
39.2
38.9
39.2
39.2
39.2
39.2
39.1
39.2
39.1
39.1
39
38.9
39
39.2
39.1
39.1
38.9
39
38.9
39.2
39.2
39.1
39.2
39.3
39.2
39
39.2
39
39
39
39
39.2
39.1
39
39.1
39.1
39
39
39.2
39
39
39.1
39
39
39.1
39
39
39.1
39
39.1
39.2
39
39.1
39.2
39
39
39.2
39.2
39.1
39
39
39
39.1
39
39
39.1
39
39
39
39.2
39.1
39
39.1
39.1
39
39.2
39.2
39.2
39
39
39.2
39.1
39.1
39.1
39.2
39.2
39.1
39
39
39
39.1
39.2
39.2
39.1
39.1
39.2
39
39
39
39
39
39
39.2
39
39
39.1
39
39.1
38.9
39
38.9
39.2
39
39.2
39
39.1
39
39.1
39
38.9
39.1
39.1
39.2
39.2
39
39.1
39.1
39
39.1
39.2
39
39.1
39.1
39
39
39.2
39
38.9
39.2
39.1
38.9
39.1
39
39
39.2
39.2
39.2
39.2
39.1
39.1
38.9
39
39
38.9
39
39
39.2
39.1
39.1
39.1
39.1
39
38.9
39.2
38.9
39
39.1
38.9
38.9
39.1
39.1
39.2
39.1
39
39
38.9
39.1
39.2
38.9
39
38.9
39
39
39
39
39
39
39.2
39.2
39
39
39.1
39.1
39
39.1
39
39.4
38.9
39.1
38.9
38.9
38.9
39.1
38.9
39
39
39
39
39.1
39.1
38.9
39
39.1
39
38.9
38.9
39
39
39
39
39.1
39
39.1
38.9
38.9
38.9
39.1
39.1
39
39
38.9
38.9
38.9
38.8
38.9
39
38.9
39.1
38.9
38.8
38.9
38.9
39.1
39.1
39
39.1
39.1
38.9
38.9
39
39
39
38.8
39.1
39
38.9
39
39.1
38.8
38.8
39.1
39
38.9
39
39
38.8
38.9
38.9
38.9
39.1
39.1
38.8
39.1
38.9
38.9
39
39
38.9
38.8
38.8
39.1
39.1
39.2
39.1
38.9
39
39
39
38.9
38.9
39
38.9
38.9
38.9
39.1
38.9
39.1
39
38.8
38.8
39.1
38.8
38.9
38.9
38.9
39.1
38.9
38.9
39
39
39
38.9
38.9
38.9
39
39.1
39.1
38.9
39.1
38.9
39.1
39.1
39
38.8
38.9
39.1
39
39
38.9
39.1
39
39.1
38.9
39.1
39.1
38.9
39.1
38.8
39.1
38.9
38.9
39.1
39.1
38.9
38.9
39
38.9
39
39
38.9
38.9
38.9
38.9
38.9
39.1
39.2
39.1
39.1
39.1
39
38.9
38.9
39
39
38.9
38.8
38.9
39.1
38.9
38.9
39
39.1
39.1
39.2
39.1
38.9
39.1
38.9
39.2
38.9
39.1
39
39.1
39.2
39
39
39.1
39
39.2
39.2
38.9
39.1
39.2
39.2
39.2
39
39
39
39
39
39.1
39.1
38.9
39
39
39.1
39.2
39.2
39.2
39
39
39
39.1
39
38.9
39.2
39.1
39.2
39
39.2
39.1
38.9
39.2
39.1
39.1
39.1
39.2
39.2
39
39.1
39.3
38.9
39
39.2
39
39.2
39
39.2
39
39.2
39.2
39.1
39.2
39.2
39
39.1
39
39
39
39.2
39
39.2
39
39.3
39
39
39.2
39
39
39
39.2
39.1
39
39.3
39.3
39
39.1
39.1
39
39
39
39.2
39.3
39.2
39.2
39.2
39.3
39.2
39.3
39.3
39.2
39
39.2
39.1
39.2
39.3
39.2
39.2
39.1
39.2
39.2
39.1
39
39.1
39.3
39.3
39
39.2
39.1
39.3
39.2
39.2
39
39.1
39
39.2
39.1
39.3
39.1
39.2
39.1
39.1
39.3
39.3
39.1
39
39.1
39.3
39.3
39.1
39.2
39.3
39.1
39.3
39.1
39.1
39.1
39
39.3
39.3
39
39.1
39.2
39.2
39.3
39.3
39.1
39.3
39.3
39.3
39.3
39
39
39.1
39.3
39.3
39.3
39.1
39.1
39.3
39.3
39.1
39
39.2
39.3
39.3
39.2
39.1
39.2
39.3
39.1
39.3
39.3
39.4
39.3
39.3
39.3
39.2
39
39.3
39.1
39.1
39.3
39.2
39.1
39.1
39
39.3
39.1
39.2
39.1
39.3
39.3
39.3
39.3
39.1
39.2
39.1
39.4
39.1
39.1
39.1
39.3
39.3
39.3
39.3
39.2
39.2
39.3
39.2
39.3
39.3
39.1
39.3
39.3
39.1
39.2
39.3
39.3
39.2
39.3
39.1
39.1
39.2
39.1
39.2
39.4
39.4
39.2
39.3
39.1
39.3
39.1
39.2
39.1
39.3
39.4
39.4
39.4
39.2
39.4
39.2
39.3
39.4
39.1
39.2
39.4
39.1
39.2
39.1
39.4
39.4
39.1
39.2
39.2
39.4
39.1
39.3
39.4
39
39.1
39.2
39.2
39.4
39.2
39.2
39.1
39.1
39.4
39.4
39.2
39.3
39.4
39.3
39.2
39.1
39.1
39.3
39.2
39.4
39.1
39.3
39.2
39.3
39.2
39.4
39.4
39.4
39.2
39.2
39.1
39.1
39.4
39.2
39.3
39.3
39.2
39.4
39.3
39.3
39.3
39.4
39.3
39.2
39.4
39.1
39.1
39.1
39.2
39.2
39.2
39.4
39.2
39.1
39.1
39.4
39.4
39.3
39.3
39.4
39.4
39.2
39.2
39.2
39.5
39.4
39.2
39.4
39.2
39.2
39.1
39.2
39.2
39.4
39.4
39.4
39.4
39.5
39.2
39.3
39.4
39.3
39.4
39.2
39.4
39.2
39.4
39.1
39.4
39.2
39.2
39.4
39.3
39.5
39.1
39.2
39.3
39.2
39.2
39.2
39.2
39.2
39.4
39.4
39.2
39.3
39.4
39.4
39.2
39.3
39.3
39.2
39.4
39.2
39.3
39.4
39.2
39.2
39.2
39.4
39.4
39.2
39.2
39.4
39.2
39.3
39.4
39.1
39.3
39.2
39.3
39.4
39.2
39.5
39.2
39.3
39.4
39.3
39.3
39.2
39.4
39.4
39.4
39.2
39.4
39.4
39.4
39.2
39.4
39.4
39.4
39.2
39.2
39.4
39.3
39.4
39.2
39.4
39.2
39.4
39.4
39.2
39.3
39.2
39.4
39.2
39.2
39.4
39.2
39.5
39.2
39.5
39.2
39.4
39.4
39.3
39.3
39.2
39.5
39.2
39.4
39.5
39.4
39.2
39.3
39.3
39.3
39.3
39.2
39.3
39.2
39.2
39.3
39.2
39.2
39.5
39.3
39.2
39.3
39.3
39.2
39.3
39.5
39.4
39.3
39.3
39.5
39.5
39.5
39.3
39.4
39.4
39.5
39.3
39.5
39.3
39.3
39.4
39.3
39.3
39.1
39.2
39.2
39.2
39.1
39.4
39.3
39.1
39.1
39.1
39.3
39.2
39.3
39.3
39
39
39.2
39.1
39.2
39
39
38.9
39
39.1
39.1
39.2
39.2
39.1
39
39
39.1
38.9
39
38.9
39.1
39.1
39
39.1
38.9
39.1
38.9
39
39.1
38.9
39
39
39
39
38.8
39
38.8
38.9
38.8
39
38.8
39
39
38.9
38.7
38.7
38.8
38.8
39
39
38.7
39
38.8
38.7
38.8
38.8
39
38.8
39
38.8
39
39
38.7
38.8
38.7
38.9
38.9
38.7
38.9
38.8
39
38.7
38.8
38.7
38.7
38.9
38.8
39
38.8
38.9
38.8
38.7
38.9
38.8
38.9
39
38.7
38.8
38.7
38.8
38.7
38.8
38.7
38.8
38.9
38.7
38.9
39
39
38.7
38.9
38.8
38.9
38.9
38.9
38.9
38.8
38.8
38.7
38.7
38.8
38.8
38.7
38.8
38.9
38.7
38.7
38.9
38.8
38.9
38.9
38.6
38.9
38.8
38.9
38.8
38.9
38.7
38.7
38.7
38.6
38.8
38.9
38.7
38.7
38.7
38.6
38.7
38.8
38.8
38.9
38.9
38.7
38.6
38.8
38.6
38.9
38.7
38.9
38.7
38.8
38.9
38.9
38.7
38.6
38.6
38.8
38.8
38.9
38.8
38.9
38.9
38.9
38.8
38.6
38.9
38.9
38.8
38.7
38.7
38.8
38.7
38.9
38.9
38.8
38.7
38.9
38.8
38.9
38.8
38.9
38.7
38.7
38.9
38.9
38.9
38.9
38.7
38.7
38.7
38.6
38.8
38.7
38.7
38.9
38.8
38.9
38.8
38.7
38.9
38.9
38.9
38.8
38.9
38.8
38.9
38.8
38.9
38.8
38.8
38.9
38.7
38.6
38.8
38.9
38.7
38.9
38.8
38.7
38.6
38.6
38.7
38.9
38.6
38.7
38.6
38.6
38.8
38.7
38.6
38.8
38.9
38.7
38.6
38.7
38.6
38.6
38.8
38.7
38.8
38.6
38.7
38.7
38.6
38.7
38.6
38.7
38.7
38.7
38.6
38.8
38.8
38.6
38.8
38.8
38.7
38.9
38.7
38.6
38.6
38.6
38.7
38.6
38.7
38.6
38.6
38.6
38.8
38.6
38.8
38.8
38.8
38.8
38.7
38.9
38.9
38.9
38.9
38.6
38.8
38.8
38.6
38.8
38.9
38.9
38.6
38.6
38.6
38.8
38.7
38.6
38.6
38.9
38.6
38.6
38.6
38.7
38.6
38.8
38.6
38.7
38.7
38.8
38.7
38.9
38.9
38.6
38.6
38.8
38.7
38.8
38.7
38.7
38.8
38.7
38.8
38.9
38.9
38.8
38.9
38.8
38.7
38.7
38.8
38.8
38.7
38.9
38.9
38.7
38.9
38.8
38.7
38.9
38.9
38.7
38.8
38.8
38.9
38.7
38.7
38.8
38.6
38.7
38.7
38.9
38.9
39
38.7
38.7
38.7
38.8
38.7
38.8
38.7
38.9
39
38.6
38.7
38.9
38.8
38.7
38.9
38.9
38.7
38.9
38.9
38.7
38.8
38.9
38.7
38.8
38.9
38.6
38.7
38.7
38.6
38.8
38.7
38.9
38.8
38.8
38.8
39.2
39
39.6
39.7
40.2
40
40.2
39.8
40
40
39.8
39.8
39.8
39.7
39.6
39.5
39.7
39.6
39.3
39.3
39.2
39
39.2
39.1
39.3
39
39.1
38.8
38.8
38.9
38.9
38.9
39
38.6
38.8
38.7
38.7
38.7
38.8
38.6
38.8
38.7
38.9
38.8
38.8
38.8
38.8
38.9
38.8
38.6
38.7
38.7
38.9
38.9
38.7
38.8
39
38.9
38.8
38.9
38.7
38.8
38.9
38.9
38.9
38.8
38.8
39.1
39
39
38.8
38.9
39.1
38.9
39
38.9
39.1
38.9
39.1
38.9
39.1
39
39.1
39
39.3
39.1
39.1
39.3
39.2
39.2
39.1
39.1
39.3
39.1
39.1
39.1
39.2
39.3
39.1
39.3
39.1
39.2
39.3
39.2
39.2
39.4
39.2
39.3
39.2
39.3
39.5
39.3
39.4
39.2
39.2
39.3
39.4
39.4
39.4
39.5
39.3
39.4
39.5
39.5
39.5
39.3
39.4
39.3
39.5
39.4
39.5
39.5
39.3
39.4
39.3
39.3
39.4
39.5
39.7
39.3
39.5
39.4
39.5
39.5
39.6
39.4
39.5
39.6
39.6
39.6
39.4
39.4
39.4
39.7
39.5
39.6
39.7
39.7
39.5
39.7
39.5
39.7
39.8
39.5
39.6
39.8
39.8
39.5
39.7
39.7
39.6
39.8
39.8
39.6
39.8
39.7
39.8
39.6
39.6
39.8
39.5
39.7
39.6
39.6
39.4
39.5
39.7
39.7
39.5
39.7
39.5
39.5
39.6
39.5
39.5
39.6
39.6
39.6
39.7
39.6
39.6
39.7
39.4
39.4
39.6
39.5
39.4
39.3
39.6
39.5
39.5
39.6
39.4
39.5
39.4
39.4
39.6
39.4
39.6
39.3
39.6
39.5
39.4
39.5
39.5
39.4
39.4
39.6
39.4
39.4
39.6
39.3
39.4
39.4
39.3
39.6
39.4
39.4
39.3
39.4
39.5
39.3
39.5
39.5
39.4
39.4
39.3
39.3
39.4
39.5
39.3
39.4
39.4
39.3
39.5
39.4
39.3
39.3
39.4
39.3
39.3
39.4
39.3
39.3
39.5
39.4
39.5
39.4
39.5
39.3
39.3
39.3
39.5
39.2
39.5
39.5
39.3
39.4
39.3
39.4
39.4
39.5
39.5
39.2
39.4
39.4
39.4
39.5
39.5
39.5
39.3
39.4
39.3
39.3
39.3
39.5
39.5
39.3
39.5
39.5
39.3
39.3
39.3
39.3
39.5
39.5
39.3
39.4
39.4
39.5
39.4
39.4
39.3
39.4
39.3
39.5
39.5
39.3
39.4
39.2
39.4
39.5
39.5
39.3
39.5
39.4
39.3
39.3
39.3
39.4
39.3
39.5
39.4
39.3
39.5
39.4
39.3
39.4
39.3
39.4
39.1
39.3
39.4
39.3
39.2
39.2
39.2
39.3
39.3
39.2
39.3
39.2
39.4
39.4
39.2
39.2
39.3
39.2
39.2
39.2
39.4
39.2
39.2
39.4
39.5
39.4
39.2
39.2
39.4
39.4
39.2
39.4
39.2
39.4
39.3
39.3
39.2
39.3
39.5
39.3
39.3
39.3
39.5
39.3
39.3
39.3
39.3
39.3
39.4
39.3
39.3
39.3
39.5
39.4
39.3
39.4
39.5
39.4
39.5
39.3
39.5
39.4
39.3
39.5
39.4
39.5
39.7
39.7
39.4
39.6
39.5
39.7
39.6
39.5
39.6
39.4
39.5
39.4
39.6
39.6
39.6
39.4
39.6
39.6
39.4
39.4
39.7
39.5
39.4
39.4
39.6
39.3
39.4
39.6
39.4
39.7
39.4
39.7
39.6
39.6
39.7
39.6
39.6
39.6
39.4
39.4
39.4
39.5
39.4
39.6
39.6
39.4
39.4
39.6
39.6
39.6
39.6
39.4
39.6
39.4
39.6
39.5
39.4
39.4
39.5
39.6
39.6
39.6
39.4
39.4
39.7
39.4
39.6
39.6
39.3
39.6
39.4
39.5
39.3
39.5
39.6
39.6
39.5
39.6
39.4
39.5
39.5
39.6
39.6
39.5
39.5
39.4
39.6
39.3
39.5
39.3
39.5
39.3
39.5
39.4
39.5
39.3
39.2
39.3
39.4
39.4
39.4
39.2
39.5
39.4
39.2
39.2
39.4
39.4
39.4
39.4
39.3
39.3
39.2
39.3
39.2
39.4
39.5
39.4
39.3
39.4
39.3
39.3
39.2
39.5
39.4
39.4
39.3
39.3
39.3
39.2
39.3
39.5
39.4
39.5
39.4
39.4
39.5
39.5
39.4
39.4
39.2
39.4
39.3
39.3
39.4
39.2
39.2
39.4
39.3
39.3
39.3
39.4
39.5
39.4
39.3
39.5
39.4
39.3
39.4
39.3
39.3
39.3
39.4
39.5
39.2
39.3
39.4
39.4
39.2
39.3
39.6
39.4
39.5
39.3
39.5
39.4
39.6
39.3
39.3
39.3
39.3
39.2
39.2
39.2
39.3
39.4
39.3
39.3
39.3
39.4
39.3
39.3
39.3
39.4
39.3
39.4
39.3
39.2
39.3
39.3
39.3
39.3
39.4
39.4
39.4
39.3
39.4
39.4
39.5
39.4
39.3
39.3
39.4
39.4
39.2
39.2
39.4
39.5
39.2
39.3
39.4
39.3
39.5
39.4
39.3
39.5
39.4
39.3
39.2
39.2
39.3
39.4
39.4
39.4
39.3
39.3
39.3
39.2
39.2
39.3
39.3
39.3
39.3
39.3
39.3
39.5
39.4
39.2
39.5
39.5
39.3
39.5
39.5
39.3
39.4
39.5
39.4
39.3
39.5
39.6
39.4
39.5
39.6
39.4
39.5
39.6
39.6
39.5
39.6
39.4
39.4
39.4
39.6
39.5
39.4
39.4
39.4
39.4
39.6
39.6
39.5
39.6
39.4
39.4
39.6
39.5
39.6
39.4
39.6
39.6
39.4
39.6
39.6
39.6
39.6
39.5
39.4
39.4
39.4
39.6
39.6
39.4
39.4
39.4
39.6
39.4
39.5
39.6
39.6
39.5
39.4
39.6
39.5
39.4
39.3
39.6
39.4
39.6
39.6
39.5
39.6
39.5
39.3
39.5
39.4
39.3
39.5
39.4
39.4
39.6
39.6
39.5
39.4
39.6
39.5
39.2
39.5
39.5
39.3
39.3
39.4
39.5
39.6
39.3
39.3
39.3
39.4
39.3
39.4
39.5
39.5
39.3
39.5
39.5
39.4
39.3
39.3
39.5
39.4
39.3
39.3
39.5
39.3
39.5
39.4
39.3
39.5
39.2
39.3
39.3
39.3
39.4
39.3
39.5
39.3
39.3
39.4
39.5
39.5
39.3
39.3
39.3
39.3
39.3
39.5
39.3
39.3
39.5
39.3
39.4
39.4
39.4
39.4
39.6
39.3
39.3
39.6
39.4
39.4
39.6
39.4
39.4
39.5
39.4
39.3
39.3
39.5
39.6
39.5
39.5
39.5
39.4
39.4
39.5
39.4
39.3
39.4
39.4
39.3
39.3
39.3
39.4
39.4
39.4
39.3
39.4
39.5
39.5
39.4
39.5
39.5
39.3
39.3
39.4
39.3
39.4
39.5
39.4
39.5
39.5
39.4
39.3
39.5
39.5
39.5
39.3
39.3
39.3
39.3
39.3
39.5
39.4
39.5
39.5
39.4
39.4
39.5
39.4
39.3
39.4
39.4
39.5
39.5
39.3
39.4
39.3
39.5
39.4
39.5
39.5
39.3
39.5
39.3
39.3
39.5
39.4
39.5
39.4
39.3
39.2
39.2
39.2
39.5
39.4
39.4
39.5
39.5
39.3
39.3
39.4
39.5
39.3
39.4
39.3
39.5
39.4
39.4
39.3
39.5
39.4
39.3
39.4
39.4
39.5
39.4
39.2
39.4
39.5
39.4
39.3
39.4
39.3
39.3
39.5
39.3
39.2
39.3
39.4
39.3
39.4
39.2
39.6
39.3
39.4
39.4
39.2
39.3
39.2
39.2
39.2
39.4
39.3
39.4
39.4
39.5
39.4
39.2
39.4
39.3
39.3
39.2
39.4
39.3
39.3
39.4
39.1
39.3
39.3
39.4
39.3
39.3
39.4
39.2
39.3
39.2
39.4
39.5
39.2
39.3
39.2
39.4
39.3
39.3
39.4
39.2
39.3
39.2
39.2
39.3
39.3
39.3
39.3
39.3
39.3
39.4
39.4
39.4
39.3
39.1
39.2
39.2
39.2
39.2
39.3
39.1
39.1
39.3
39.4
39.3
39.5
39.4
39.2
39.3
39.2
39.2
39.3
39.4
39.2
39.3
39.2
39.4
39.2
39.3
39.3
39.3
39.2
39.3
39.3
39.3
39.2
39.2
39.3
39.3
39.4
39.4
39.2
39.2
39.4
39.3
39.4
39.4
39.2
39.6
39.3
39.3
39.3
39.4
39.2
39.3
39.3
39.3
39.2
39.3
39.4
39.1
39.3
39.3
39.2
39.3
39.4
39.2
39.3
39.3
39.3
39.3
39.3
39.1
39.2
39.1
39.3
39.3
39.3
39.1
39.3
39.3
39.3
39.2
39.1
39.3
39.2
39.2
39.2
39.2
39.3
39.1
39.2
39.1
39.1
39.3
39.2
39.2
39.2
39.1
39.3
39.2
39.2
39.1
39.1
39.2
39.2
39.2
39.2
39.2
39.2
39.2
39.1
39.1
39.1
39.2
39.1
39.2
39.3
39.1
39.1
39.1
39.2
39.1
39.2
39.2
39.1
39
39
39
39.1
39.1
39.2
39.1
39.2
39.1
39
39.1
39.1
39.2
39
39.1
39
39.2
39
39
39.2
39.2
39.2
39.1
39
39.1
39.1
39.2
39.1
39
39.1
39.1
39.1
39
39.2
39
39
39
39.1
39
39
39.2
39
39.1
39.1
39
39.2
39.1
39
39.1
39.1
39.1
39
39.1
39.1
39
39.1
39.1
39.1
39.1
39.2
39.1
39.1
39
39.1
38.9
39
39
39.2
39
38.9
39
39.1
39.1
39
39.1
39.1
39
38.9
39.1
39.1
39
38.9
39
39.1
39
39
39
39
39.1
38.9
39
38.9
39.1
39.1
39.1
38.9
38.9
39
38.9
39
39.1
38.9
39.1
39
39.1
39
38.9
39.1
39
38.9
39
38.9
39.1
39
39
39
39
39
38.9
39
39
38.9
39.1
38.9
39.1
39
38.9
39
39
39
39
38.9
38.9
39
38.9
39
39
39
39.1
39
38.9
39
39.1
39.1
39
38.9
39
39
39
39
39
39.2
38.9
38.9
39.1
39
38.9
39
39
39
39
38.9
38.9
39
38.9
38.9
38.9
38.9
38.9
39
39.1
38.9
39.1
39.1
39
39.1
38.9
38.9
38.9
38.9
39
39
39
39
39
38.9
39
39.1
39
38.9
39
39.1
38.9
38.8
39
39
39
39.1
39
38.9
39
39
39
39.1
39
39.1
39
38.9
38.9
39
38.9
38.9
39.1
39
39
38.9
38.9
39
38.9
38.8
38.9
39
39
38.9
38.9
38.9
39.1
38.9
39.1
39
38.9
39
39
38.9
38.9
39
38.9
39.1
39.1
39.1
39.1
38.9
38.9
39
39
38.9
38.9
38.9
39
39
39
39
39
38.9
39.1
38.9
39.1
39
39
39.1
39
39.1
39
38.8
39
39.1
38.9
38.9
38.9
39
38.9
38.9
39
38.9
39
38.9
39.1
38.9
39.1
39
38.9
39
39
38.8
38.8
38.9
38.9
38.9
39.1
38.9
39
39.1
39.1
38.9
38.9
39
39
38.9
39
38.9
38.9
39.1
38.9
39.1
39
38.9
39
38.9
38.9
38.8
38.9
38.9
39.1
39
38.9
39.1
38.9
39
38.9
38.9
38.9
38.9
39
38.9
38.9
38.9
39.1
38.9
38.9
39
38.9
39
38.9
38.9
39
39
38.9
38.9
39.1
38.9
39.1
38.9
39
39.1
39
39
38.9
39
39
38.8
38.9
39
39
38.9
39
38.9
39.1
39
39.1
38.9
38.9
39
39
39
38.8
39.1
38.9
38.9
38.9
39
38.9
38.9
39.1
38.9
39.1
38.8
38.8
38.9
38.9
38.9
39.1
39
39
39
39
38.9
39
39
38.9
38.9
38.9
39
39
38.9
38.8
38.9
38.9
38.9
38.9
38.8
39
39
39
38.9
38.9
39
38.9
38.9
38.9
38.8
39
38.9
38.9
38.9
39
38.9
39
38.8
38.9
38.8
38.9
38.8
39.1
39
38.9
38.9
38.9
39
38.9
38.8
38.9
38.9
38.9
39
39
39
38.9
38.8
39
38.8
38.8
38.8
38.9
39
39
38.8
39
39
38.9
39
39
38.8
39
38.8
38.8
38.8
38.9
39
39
39.1
38.8
38.9
38.8
39
39.1
39
39
38.8
38.9
39
38.9
38.9
39
38.8
39
39
39
39
38.8
39
38.9
38.9
38.8
39
39
39
39
38.9
39
39
38.9
39
38.8
38.8
39
38.8
38.9
38.8
38.9
38.8
39
38.7
38.9
38.8
38.8
39
38.8
38.8
38.9
38.8
39
38.9
39
38.8
39
38.9
38.8
38.9
38.8
39
38.7
38.9
39
38.8
38.8
38.8
38.8
39
38.8
38.8
38.8
38.8
38.9
38.8
38.8
38.8
38.9
38.9
38.8
38.9
38.8
38.9
38.8
38.8
38.9
38.9
38.9
39
38.8
38.9
38.9
39
38.9
38.9
39
39
38.9
39
39
39.1
39
39
39
38.9
38.9
39.1
38.9
38.9
39
38.9
38.8
38.8
39
39
39
38.9
38.9
39.1
39.1
38.9
39.1
38.9
39
39.1
38.9
38.9
39
39.1
39.1
39.1
39
39
39
39
39.1
39.1
38.9
38.9
39
38.9
39
38.9
39.1
38.9
39.1
38.9
38.8
38.9
39.1
38.9
39.1
38.9
39.1
38.9
38.9
39
38.9
38.9
39.1
38.9
39.2
38.9
38.9
38.9
38.9
39.1
39.1
39.1
38.8
38.9
38.9
39
39
39.1
39
38.9
39.1
39.1
38.9
38.9
38.9
39.2
38.9
39.1
39.2
38.9
39
39.1
38.9
39.1
38.9
39
39.2
39
39
39
39.2
39.1
39
38.9
38.9
39.1
39.2
39
39
39.1
39
39
39.1
39
39.2
39.1
39
38.9
38.9
39.2
39
39
39.1
38.9
39.2
38.9
39.1
39.1
39.2
39.2
39.2
39
39
39
39
39.1
39.2
39
39
39.1
39.2
38.9
39.1
39.1
39
38.9
38.9
39
39.2
38.9
39.1
38.9
38.9
39.1
38.9
38.8
39.1
38.9
39.2
38.9
39
39
39
38.9
39.1
39.1
38.9
38.9
38.9
39
38.9
38.9
38.9
39
38.9
39.1
39.1
38.9
39.1
38.9
38.9
39.1
39.1
39
38.9
39.1
39
39.1
39.1
39.1
39
38.9
39
38.8
39
38.9
39
38.9
39.1
38.9
39
38.9
38.9
39
39.1
38.9
39
38.9
39.1
38.8
39
39
39.1
39
38.9
38.8
38.9
39.1
38.9
38.9
38.9
39
38.9
39
39
38.8
39
38.8
39
38.8
39
39
38.8
39
38.8
38.8
38.8
39
38.9
39
39
39
38.9
38.9
38.9
38.9
39
38.8
38.8
38.9
38.8
39
38.9
38.9
38.9
38.9
38.9
38.8
38.9
38.9
38.8
38.8
38.8
38.8
38.9
39
38.8
38.8
39
38.9
38.8
39
39
38.9
38.7
38.8
38.8
38.8
38.9
38.9
38.8
38.8
38.9
38.9
38.8
38.8
38.8
38.7
38.7
38.9
38.8
39
38.9
38.9
38.9
38.8
38.7
38.9
38.9
38.9
38.7
38.9
38.8
38.7
38.9
38.7
38.9
38.9
38.7
38.7
38.8
38.8
38.8
38.8
38.9
38.8
38.7
38.7
38.7
38.7
38.8
38.9
38.9
38.7
38.8
38.8
38.8
38.8
38.9
38.7
38.7
38.7
38.8
38.7
38.7
38.8
38.6
38.8
38.6
38.7
38.8
38.7
38.7
38.7
38.8
38.8
38.7
38.8
38.8
38.7
38.9
38.7
38.6
38.7
38.8
38.6
38.8
38.7
38.7
38.7
38.6
38.6
38.8
38.7
38.8
38.6
38.7
38.7
38.8
38.7
38.8
38.6
38.7
38.8
38.6
38.8
38.7
38.6
38.7
38.6
38.6
38.6
38.7
38.7
38.6
38.6
38.7
38.6
38.7
38.6
38.8
38.6
38.6
38.7
38.7
38.6
38.6
38.7
38.6
38.7
38.8
38.6
38.6
38.6
38.6
38.7
38.7
38.7
38.6
38.6
38.6
38.6
38.7
38.6
38.7
38.6
38.6
38.7
38.6
38.7
38.7
38.6
38.6
38.6
38.6
38.6
38.6
38.6
38.7
38.6
38.7
38.6
38.6
38.7
38.6
38.7
38.6
38.6
38.6
38.6
38.6
38.6
38.6
38.5
38.6
38.6
38.6
38.6
38.6
38.6
38.7
38.6
38.5
38.5
38.6
38.6
38.5
38.6
38.7
38.6
38.6
38.6
38.6
38.5
38.6
38.6
38.5
38.6
38.6
38.6
38.6
38.5
38.6
38.6
38.6
38.6
38.6
38.5
38.6
38.5
38.5
38.6
38.6
38.6
38.5
38.6
38.5
38.6
38.6
38.5
38.5
38.5
38.6
38.5
38.6
38.6
38.5
38.6
38.5
38.6
38.4
38.6
38.5
38.4
38.5
38.6
38.6
38.5
38.6
38.6
38.6
38.6
38.5
38.4
38.6
38.6
38.6
38.5
38.6
38.4
38.6
38.5
38.6
38.6
38.6
38.5
38.6
38.5
38.6
38.5
38.5
38.6
38.4
38.5
38.4
38.5
38.5
38.5
38.4
38.4
38.4
38.6
38.4
38.5
38.4
38.6
38.5
38.5
38.4
38.5
38.4
38.4
38.4
38.5
38.4
38.5
38.4
38.6
38.4
38.5
38.5
38.4
38.4
38.4
38.4
38.6
38.4
38.5
38.4
38.5
38.6
38.6
38.4
38.4
38.5
38.5
38.3
38.4
38.5
38.4
38.4
38.4
38.5
38.5
38.4
38.4
38.3
38.6
38.4
38.3
38.5
38.5
38.4
38.4
38.3
38.3
38.4
38.5
38.5
38.4
38.5
38.4
38.3
38.3
38.4
38.3
38.3
38.4
38.5
38.5
38.3
38.4
38.5
38.3
38.4
38.5
38.5
38.4
38.3
38.3
38.4
38.4
38.5
38.3
38.3
38.3
38.4
38.3
38.5
38.3
38.4
38.3
38.4
38.4
38.3
38.3
38.3
38.4
38.3
38.4
38.3
38.3
38.3
38.3
38.4
38.4
38.3
38.3
38.2
38.5
38.5
38.3
38.4
38.3
38.3
38.4
38.3
38.4
38.4
38.3
38.3
38.4
38.2
38.3
38.3
38.3
38.4
38.4
38.3
38.2
38.4
38.3
38.3
38.4
38.3
38.2
38.4
38.3
38.2
38.4
38.2
38.5
38.4
38.3
38.4
38.3
38.3
38.4
38.2
38.4
38.2
38.3
38.3
38.2
38.4
38.3
38.3
38.4
38.3
38.3
38.4
38.4
38.2
38.4
38.3
38.4
38.4
38.4
38.2
38.2
38.4
38.3
38.2
38.4
38.2
38.3
38.4
38.3
38.4
38.4
38.2
38.4
38.5
38.3
38.3
38.3
38.4
38.3
38.5
38.3
38.4
38.4
38.2
38.3
38.4
38.4
38.2
38.3
38.3
38.4
38.2
38.4
38.1
38.4
38.4
38.4
38.3
38.3
38.3
38.2
38.2
38.3
38.4
38.4
38.3
38.2
38.2
38.4
38.4
38.3
38.4
38.2
38.4
38.2
38.2
38.4
38.4
38.3
38.4
38.2
38.4
38.4
38.3
38.4
38.3
38.2
38.4
38.2
38.2
38.3
38.3
38.3
38.4
38.3
38.3
38.2
38.2
38.4
38.4
38.3
38.3
38.3
38.4
38.3
38.3
38.2
38.3
38.4
38.3
38.2
38.3
38.3
38.3
38.3
38.4
38.4
38.2
38.2
38.4
38.4
38.4
38.3
38.3
38.2
38.3
38.2
38.3
38.2
38.3
38.4
38.3
38.3
38.4
38.2
38.3
38.4
38.4
38.3
38.4
38.4
38.4
38.3
38.3
38.2
38.3
38.4
38.3
38.4
38.4
38.4
38.4
38.3
38.3
38.2
38.3
38.4
38.3
38.2
38.2
38.4
38.3
38.2
38.4
38.4
38.4
38.3
38.4
38.3
38.4
38.3
38.3
38.3
38.3
38.2
38.4
38.3
38.3
38.3
38.3
38.4
38.3
38.3
38.3
38.3
38.4
38.5
38.4
38.4
38.3
38.4
38.4
38.4
38.3
38.3
38.3
38.4
38.4
38.3
38.5
38.4
38.4
38.4
38.4
38.3
38.3
38.4
38.4
38.4
38.4
38.4
38.2
38.4
38.3
38.3
38.4
38.4
38.4
38.3
38.3
38.3
38.4
38.4
38.3
38.5
38.3
38.3
38.4
38.4
38.4
38.3
38.2
38.2
38.4
38.4
38.4
38.2
38.5
38.3
38.5
38.4
38.3
38.3
38.5
38.3
38.4
38.3
38.4
38.4
38.5
38.4
38.3
38.4
38.3
38.4
38.3
38.3
38.3
38.4
38.3
38.4
38.4
38.4
38.3
38.4
38.4
38.5
38.4
38.3
38.3
38.4
38.3
38.3
38.3
38.3
38.4
38.5
38.3
38.3
38.4
38.3
38.4
38.5
38.3
38.4
38.3
38.3
38.3
38.4
38.4
38.4
38.5
38.5
38.4
38.4
38.5
38.5
38.4
38.4
38.3
38.3
38.4
38.4
38.4
38.4
38.3
38.4
38.4
38.4
38.4
38.5
38.6
38.5
38.4
38.6
38.4
38.6
38.6
38.6
38.6
38.5
38.5
38.5
38.5
38.6
38.6
38.5
38.6
38.6
38.5
38.6
38.5
38.6
38.6
38.5
38.5
38.6
38.5
38.6
38.6
38.6
38.6
38.6
38.6
38.6
38.6
38.6
38.7
38.6
38.5
38.6
38.6
38.6
38.6
38.7
38.6
38.6
38.6
38.6
38.6
38.7
38.6
38.8
38.6
38.7
38.6
38.6
38.6
38.6
38.7
38.6
38.7
38.7
38.7
38.7
38.6
38.8
38.6
38.6
38.6
38.9
38.6
38.7
38.7
38.6
38.7
38.9
38.8
38.7
38.7
38.6
38.7
38.7
38.7
38.8
38.8
38.8
38.9
38.9
38.8
38.8
38.8
38.9
38.7
38.9
38.9
38.8
38.8
38.7
38.7
39
38.8
38.9
38.7
38.9
38.8
38.9
38.9
38.7
38.8
39
38.8
38.9
38.8
38.9
38.7
38.7
38.9
39
38.9
39
38.8
38.8
38.9
39.1
38.9
38.9
38.9
38.8
38.9
38.9
38.8
38.8
38.9
38.9
39
39
39.1
39.1
38.9
39
38.9
39
38.8
38.9
38.9
39.1
38.9
38.9
39.2
38.9
39
38.9
38.9
39.1
39.1
39.1
39
39.2
39
39.2
39
39
39
39.1
39.2
39.3
39
39
39.2
39.2
39.1
39
39
39.2
39
39.1
39
39.3
39.1
39.2
39.1
39.1
39.2
39.1
39.3
39.4
39.1
39.2
39.1
39.2
39.2
39.2
39.1
39.3
39.3
39.2
39.2
39.2
39.3
39.3
39.3
39.3
39.3
39.2
39.3
39.4
39.4
39.2
39.2
39.2
39.4
39.4
39.2
39.2
39.2
39.4
39.5
39.4
39.3
39.5
39.5
39.4
39.5
39.5
39.5
39.3
39.5
39.5
39.4
39.3
39.4
39.2
39.5
39.5
39.4
39.5
39.4
39.3
39.3
39.4
39.6
39.5
39.4
39.4
39.5
39.4
39.5
39.5
39.5
39.6
39.5
39.4
39.4
39.6
39.5
39.6
39.5
39.5
39.5
39.5
39.5
39.5
39.5
39.7
39.4
39.6
39.5
39.5
39.5
39.7
39.5
39.5
39.5
39.6
39.7
39.8
39.7
39.6
39.6
39.6
39.7
39.5
39.6
39.5
39.6
39.7
39.5
39.7
39.6
39.8
39.6
39.8
39.7
39.6
39.6
39.6
39.7
39.8
39.6
39.8
39.7
39.6
39.8
39.7
39.9
39.8
39.9
39.8
39.8
39.8
39.7
39.7
39.6
39.8
39.7
39.7
39.8
39.7
39.7
39.9
39.7
39.9
39.9
39.7
39.8
40
39.8
40
39.7
40
39.9
39.9
39.8
39.9
40
39.8
40
39.9
39.8
39.9
39.9
40
39.7
40
40
40
39.8
39.9
39.9
39.9
39.9
39.8
40
40
40.1
39.8
39.9
40
40.1
40.1
39.9
40.1
40.1
40
39.9
40
40
40
39.9
40
39.9
40
40.1
40.1
39.9
39.9
40
39.9
40.2
40
40
40
40
40.1
40.2
40
40.1
40.2
40
40.2
40
40.1
40.1
40.2
40.1
40
40
40.2
40.2
40.1
40
40.2
40.1
40
40.3
40.2
40.2
40.3
40.1
40.1
40.1
40.3
40.2
40.3
40.1
40.3
40.3
40.2
40.1
40.2
40.2
40.3
40.3
40.1
40.1
40.2
40.3
40.3
40.1
40.1
40.2
40.1
40.2
40.1
40.2
40.3
40.2
40.1
40.4
40.1
40.1
40.1
40.2
40.3
40.2
40.4
40.2
40.4
40.2
40.3
40.4
40.2
40.2
40.2
40
40.2
40.2
40.2
40.4
40.2
40.4
40.4
40.4
40.5
40.4
40.4
40.2
40.2
40.2
40.4
40.4
40.5
40.3
40.4
40.4
40.3
40.4
40.4
40.3
40.2
40.2
40.2
40.4
40.3
40.3
40.3
40.3
40.4
40.2
40.2
40.3
40.3
40.2
40.2
40.4
40.2
40.4
40.3
40.3
40.3
40.2
40.4
40.2
40.4
40.2
40.3
40.3
40.5
40.3
40.4
40.6
40.3
40.5
40.5
40.5
40.5
40.5
40.3
40.3
40.3
40.3
40.5
40.5
40.5
40.5
40.5
40.2
40.3
40.3
40.4
40.6
40.3
40.5
40.3
40.4
40.5
40.3
40.5
40.5
40.3
40.4
40.5
40.4
40.4
40.6
40.4
40.3
40.4
40.4
40.4
40.5
40.4
40.6
40.5
40.5
40.5
40.4
40.3
40.4
40.4
40.5
40.4
40.4
40.4
40.5
40.5
40.5
40.5
40.4
40.5
40.4
40.4
40.4
40.5
40.5
40.5
40.6
40.6
40.4
40.4
40.5
40.5
40.6
40.6
40.6
40.6
40.5
40.4
40.4
40.6
40.7
40.5
40.4
40.5
40.5
40.5
40.6
40.7
40.5
40.6
40.5
40.7
40.5
40.5
40.5
40.7
40.6
40.7
40.7
40.5
40.5
40.5
40.5
40.6
40.5
40.6
40.6
40.5
40.6
40.5
40.5
40.8
40.7
40.5
40.5
40.7
40.7
40.8
40.6
40.7
40.7
40.7
40.6
40.6
40.7
40.7
40.6
40.7
40.5
40.6
40.8
40.7
40.6
40.6
40.5
40.6
40.5
40.6
40.6
40.7
40.6
40.8
40.8
40.6
40.7
40.7
40.6
40.7
40.8
40.6
40.6
40.6
40.6
40.5
40.6
40.8
40.7
40.6
40.5
40.7
40.8
40.8
40.8
40.6
40.7
40.6
40.6
40.7
40.7
40.7
40.8
40.8
40.9
40.6
40.7
40.6
40.9
40.9
40.7
40.7
40.7
40.8
40.8
40.7
40.7
40.8
40.9
40.8
40.8
40.7
40.8
40.9
40.8
40.7
40.9
40.9
40.9
40.9
40.9
40.8
40.9
40.9
40.9
40.8
41
40.8
41
40.7
40.9
40.8
41
41
40.9
40.9
40.9
41
41
41
41
41
41
41
41
41
40.9
40.9
40.9
41.1
40.9
40.9
41
41
41
41.1
40.8
41
40.9
41
40.9
41
40.9
40.9
41
40.9
40.9
41
41.1
41
41.1
41.1
40.9
41.1
40.9
41.1
41.1
41.1
41
41.1
41
41
41.1
41.2
41
41.1
41.2
41.1
41
41
41.2
41
41.2
41.2
41.2
41.2
41.1
41.1
41
41.1
41.2
41.2
41.1
41.2
41.2
41.2
41
41.1
41
41.2
41.2
41
41.2
41.2
41
41
41.1
41.2
41.2
41
41.1
41.1
41.1
41.1
41.2
41
41.1
41.2
41.3
41.3
41.1
41.3
41.1
41.3
41.1
41.3
41.1
41.1
41.3
41.3
41.3
41.4
41.2
41.4
41.1
41.1
41.3
41.3
41.3
41.3
41.1
41.2
41.2
41.2
41.3
41.3
41.3
41.3
41.3
41.3
41.2
41.1
41.4
41.4
41.4
41.2
41.3
41.3
41.2
41.2
41.4
41.3
41.3
41.2
41.3
41.4
41.4
41.3
41.4
41.2
41.4
41.4
41.3
41.4
41.4
41.3
41.5
41.4
41.3
41.4
41.5
41.2
41.3
41.2
41.2
41.4
41.2
41.3
41.4
41.4
41.2
41.4
41.3
41.4
41.2
41.2
41.2
41.2
41.3
41.1
41.4
41.2
41.3
41.3
41.4
41.3
41.4
41.4
41.2
41.2
41.4
41.2
41.3
41.1
41.3
41.1
41.1
41.3
41.1
41.3
41.3
41.2
41
41.2
41.3
41.1
41.1
41.2
41.2
41.1
41.1
41.2
41
41.1
41.3
41.2
41.3
41.1
41.2
41.3
41.3
41.1
41.2
41.3
41.1
41.1
41.2
41.3
41.1
41.3
41.2
41.3
41.1
41.1
41.2
41.1
41.1
41.1
41.2
41.1
41.2
41.1
41.3
41.1
41.2
41.1
41.1
41.1
41.1
41.3
41.1
41.1
41.1
41.1
41.1
41.1
41.2
41.1
41.1
41.2
41.2
41.2
41.3
41.1
41.3
41.3
41.3
41.4
41.1
41.2
41.4
41.3
41.4
41.3
41.3
41.4
41.3
41.1
41.3
41.2
41.4
41.2
41.2
41.4
41.2
41.4
41.4
41.4
41.3
41.1
41.4
41.4
41.2
41.4
41.1
41.3
41.4
41.2
41.2
41.2
41.2
41.4
41.2
41.4
41.2
41.3
41.4
41.4
41.4
41.4
41.4
41.4
41.4
41.4
41.3
41.4
41.3
41.3
41.3
41.4
41.2
41.2
41.3
41.4
41.2
41.2
41.2
41.2
41.1
41.4
41.2
41.3
41.3
41.3
41.4
41.3
41.4
41.5
41.3
41.3
41.2
41.3
41.2
41.4
41.3
41.3
41.4
41.5
41.4
41.4
41.2
41.3
41.3
41.2
41.4
41.3
41.2
41.3
41.3
41.4
41.3
41.2
41.4
41.3
41.2
41.2
41.2
41.2
41.5
41.4
41.2
41.3
41.4
41.4
41.3
41.3
41.4
41.5
41.2
41.3
41.4
41.4
41.3
41.5
41.3
41.2
41.3
41.4
41.2
41.3
41.3
41.4
41.5
41.2
41.3
41.3
41.2
41.2
41.4
41.2
41.2
41.5
41.4
41.5
41.3
41.4
41.5
41.2
41.2
41.2
41.5
41.5
41.5
41.3
41.4
41.2
41.2
41.2
41.3
41.3
41.4
41.3
41.2
41.5
41.3
41.4
41.3
41.4
41.3
41.2
41.3
41.4
41.3
41.2
41.5
41.4
41.3
41.2
41.4
41.2
41.3
41.4
41.2
41.4
41.5
41.4
41.4
41.3
41.3
41.2
41.3
41.4
41.3
41.3
41.3
41.5
41.2
41.4
41.3
41.2
41.4
41.2
41.2
41.3
41.3
41.4
41.2
41.2
41.2
41.4
41.4
41.2
41.2
41.2
41.1
41.2
41.1
41.3
41.2
41.3
41.2
41.4
41.2
41.2
41.4
41.2
41.3
41.2
41.3
41.3
41.3
41.3
41.4
41.2
41.3
41.2
41.3
41.3
41.2
41.2
41.2
41.4
41.1
41.4
41.2
41.2
41.2
41.2
41.3
41.3
41.3
41.1
41.2
41.3
41.2
41.2
41.2
41.1
41.2
41.2
41.1
41.1
41.2
41.1
41.2
41.2
41.2
41.3
41.3
41.2
41.2
41.1
41.1
41.1
41.3
41.2
41.2
41.2
41.2
41.2
41.1
41.2
41.1
41.1
41.1
41.1
41.1
41.2
41.1
41
41.1
41.1
41.2
41.2
41.1
41.1
41.1
41.1
41.2
41.1
41.1
41.1
41.2
41.1
41.2
41.1
41.1
41.2
41.1
41.2
41
41.2
41.2
41
41.1
41.2
41.2
41
41.1
41.2
41.1
41.1
41.2
41.2
41
41.1
41.1
41
41.1
41
40.9
41.1
41
41
41
41.1
41
41.1
41.1
40.9
40.9
41.1
40.9
41
41
41.1
41
41.1
41
41
40.9
40.9
41
41.1
40.9
41
41
40.9
41
41
40.9
41
41
41
40.9
40.9
40.9
41
41
41
40.9
41
40.9
41
41.1
40.9
40.9
41
41
41
40.9
41
41
40.9
41
40.9
41.1
41
40.8
41
40.9
40.9
40.9
40.9
40.7
40.9
40.9
40.9
41
40.9
40.9
40.8
40.8
40.8
41
41
40.9
40.9
40.8
40.9
40.9
40.8
40.9
40.9
40.8
41
40.9
40.8
40.8
40.9
40.9
40.8
40.8
40.9
40.8
40.8
40.9
40.8
40.9
40.9
40.9
40.9
40.8
40.9
40.9
40.8
40.7
40.9
40.8
40.8
40.8
40.7
40.8
40.8
40.9
40.9
40.8
40.8
40.7
40.8
40.8
40.7
40.8
40.9
40.8
40.9
40.9
40.8
40.8
40.8
40.9
40.9
40.8
40.7
40.7
40.7
40.7
40.7
40.8
40.7
40.8
40.7
40.7
40.7
40.7
40.7
40.8
40.7
40.8
40.8
40.7
40.8
40.7
40.7
40.8
40.8
40.8
40.8
40.7
40.8
40.9
40.7
40.8
40.8
40.9
40.9
40.8
40.8
40.8
40.9
40.7
40.8
40.8
40.8
40.7
40.8
40.8
40.7
40.7
40.8
40.7
40.8
40.8
40.7
40.8
40.7
40.8
40.9
40.8
40.8
40.8
40.8
40.9
40.9
40.7
40.8
40.8
40.8
40.7
40.7
40.7
40.7
40.7
40.8
40.8
40.9
40.7
40.7
40.8
40.9
40.8
40.7
40.8
40.8
40.7
40.8
40.6
40.5
40.4
40.3
40.1
39.9
40
40
39.8
40.2
40.5
40.3
40.2
39.9
40.2
39.7
39.9
40
39.7
39.6
39.8
40.1
40.1
39.7
39.8
39.6
39.3
39.3
39.2
39.5
39.3
39
39
38.7
38.9
38.8
38.6
38.4
37.9
38.3
38.4
37.9
38
38.2
38.1
37.9
37.8
37.6
37.9
37.4
37.9
37.6
37.5
37.6
37.1
37
37.5
37.1
37.1
37.2
37.2
37.1
36.9
36.6
36.7
36.6
36.3
36.2
36.4
36.7
36.4
36.2
36.3
36.4
36.3
36.1
36.1
36.1
35.6
35.9
35.8
35.4
35.7
35.5
35.5
35.6
35.5
35.4
35.3
35
35
35.2
35.1
34.7
35.1
34.7
34.6
34.8
34.6
34.3
34.8
34.4
34.6
34.4
34.6
34.3
34.5
33.7
34
33.8
34.2
33.3
33.9
34
33.5
33.9
34
33.5
33.6
33.8
34
33.6
33.2
32.9
33.4
33
32.8
33.1
33.2
33.1
32.9
32.9
33.1
32.3
32.6
32.7
32.5
32.5
32.3
32.2
31.9
32.4
32.4
31.9
32.3
32.1
32.1
32.1
31.6
31.7
31.9
31.5
31.8
31.7
31.7
31.8
31.7
31.5
31.2
31.6
31.5
31.6
31.3
31.5
31.2
31.7
31.3
31.4
30.9
30.9
31.2
31.1
31.1
31
31
30.7
31
30.9
30.6
30.7
30.5
30.1
30.5
30.4
30.6
30.3
30.4
30.5
30.3
30.1
29.9
30.1
30.2
30.4
30
30.1
29.7
29.8
29.9
29.8
29.8
29.5
30.2
30
30
29.9
29.4
29.8
29.5
29.8
30
29.5
29.4
29.3
29.4
29.5
29.4
29.6
29.6
29.3
29.3
29.4
29.3
29.1
29.1
29.1
29.2
29.4
28.9
29
29.3
29
28.8
29
29.6
28.9
28.8
28.9
28.8
29.3
28.9
28.7
28.6
28.4
28.4
28.7
28.9
28.9
29.2
28.7
29
28.8
29.1
29
29.1
29
29
28.9
29.3
29.3
29.3
29
29.1
29.2
29
29.2
29.1
29.1
29
29.1
29.2
29.1
29.2
29.2
29.1
29.1
29.3
29.3
29.1
29
29
29.3
29.1
29.1
29.2
29.2
29.1
29.4
29.1
29.2
29.1
29.1
29.2
29.2
29.2
29.1
29.3
29.3
29.2
29.3
29.3
29.3
29.1
29.1
29.1
29.4
29.4
29.1
29.2
29.3
29.3
29.1
29.4
29.4
29.1
29.1
29.3
29.2
29.1
29.3
29.4
29.2
29.1
29.4
29.2
29.4
29.3
29.3
29.4
29.2
29.1
29.2
29.2
29.2
29.5
29.4
29.3
29.3
29.4
29.4
29.4
29.3
29.4
29.3
29.3
29.4
29.2
29.2
29.3
29.6
29.2
29.2
29.2
29.2
29.3
29.4
29.3
29.4
29.2
29.5
29.3
29.4
29.3
29.4
29.4
29.5
29.4
29.4
29.5
29.3
29.4
29.3
29.3
29.5
29.4
29.5
29.3
29.4
29.3
29.2
29.4
29.5
29.3
29.5
29.3
29.3
29.5
29.5
29.5
29.4
29.5
29.3
29.4
29.5
29.3
29.3
29.3
29.3
29.4
29.6
29.4
29.4
29.4
29.4
29.5
29.5
29.6
29.5
29.4
29.5
29.6
29.6
29.4
29.6
29.6
29.5
29.6
29.5
29.5
29.3
30.3
29.4
29.5
29.5
29.3
29.4
29.4
29.6
29.5
29.6
29.5
29.6
29.6
29.6
29.6
29.4
29.5
29.5
29.4
29.5
29.4
29.5
29.6
29.5
29.6
29.4
29.5
29.6
29.5
29.5
29.6
29.6
29.6
29.5
29.5
29.6
29.5
29.6
29.5
29.6
29.4
29.5
29.7
29.5
29.6
29.7
29.5
29.6
29.5
29.6
29.6
29.5
29.5
29.5
29.7
29.5
29.6
29.6
29.7
29.6
29.5
29.7
29.6
29.5
29.5
29.6
29.8
29.6
29.5
29.5
29.6
29.6
29.6
29.7
29.6
29.6
29.7
29.6
29.6
29.7
29.7
29.7
29.7
29.6
29.8
29.8
29.7
29.7
29.7
29.6
29.5
29.8
29.6
29.6
29.6
29.7
29.7
29.7
29.7
29.6
29.7
29.6
29.7
29.6
29.7
29.6
29.6
29.7
29.5
29.6
29.6
29.7
29.8
29.6
29.6
29.6
29.8
29.7
29.6
29.6
29.8
29.8
29.6
29.7
29.7
29.6
29.6
29.8
29.6
29.6
29.7
29.8
29.6
29.8
29.8
29.7
29.8
29.8
29.6
29.8
29.9
29.8
29.7
29.7
29.8
29.7
29.9
29.8
29.9
29.7
29.9
29.7
29.8
29.8
29.7
29.7
29.8
29.9
29.8
29.7
29.7
29.8
29.7
29.8
29.7
29.9
29.8
29.8
29.9
29.9
29.8
29.8
29.7
29.8
29.8
29.7
29.7
29.9
29.8
29.8
29.8
29.7
29.7
29.9
30
29.9
29.9
29.7
29.8
29.9
29.8
29.8
29.8
29.9
29.9
29.9
29.8
29.8
29.9
30
30
30
29.8
29.8
29.9
30
29.8
30
29.8
30
29.8
29.8
29.9
29.8
29.9
29.9
29.8
29.9
29.8
29.9
30
29.7
29.9
30.1
30
29.8
30
29.9
30
29.8
29.8
30
29.9
30
29.8
29.9
30
29.7
29.8
29.8
29.8
30
29.9
29.8
29.9
29.9
29.9
30
30
30
30
29.9
30.1
29.9
30
29.8
30
29.9
30
30
30
30
29.9
30
30
29.8
30
30.1
30
29.9
30
29.9
30
30
30
29.9
29.9
30
29.9
30
30
29.9
30.1
30
29.9
29.9
30
29.9
30.1
30
30.1
30
30
29.9
29.9
29.9
29.9
30.1
30.1
29.9
30
30
30.1
30
29.9
30.1
30
29.9
30
29.9
30.1
30
30.1
30.1
30
30
30.1
30.1
29.9
30
30.1
30
30
30
29.9
30
30
30.2
30.1
30.1
30.2
30
30.1
30.1
30.1
29.9
30
29.9
30
29.9
30
30
30
30.1
30
30.2
30.1
30.1
30
29.9
30
30.2
30
30
30.1
30.1
30.1
30
30.2
29.9
30.2
30.1
30
30
30
30.1
30.1
30.1
30.1
30.1
30.1
30.1
30
30.1
30
30.1
30
30.1
30.1
30
30.1
30.2
30
30.1
30.1
30.2
30.1
30.1
30.3
30.1
30
30.1
30.1
30
30.1
30.1
30
30
30.2
30
30.2
30.1
30.2
30.1
30.2
30.1
30.1
30.1
30
30.2
30.1
30
30
30.3
30.2
30.2
30.1
30.3
30.1
30.1
30.2
30.1
30.2
30.2
30.2
30.2
30.1
30.2
30.3
30.2
30.1
30.2
30.1
30.2
30.1
30.1
30.1
30.1
30.1
30.2
30.2
30.2
30.2
30.1
30.1
30.2
30.3
30.1
30.1
30.1
30.2
30.1
30.2
30.3
30.1
30.3
30.2
30.2
30.1
30.3
30.2
30.4
30.3
30.2
30.1
30.3
30.2
30.1
30.3
30.1
30.1
30.2
30.2
30.2
30.2
30.3
30.3
30.2
30.3
30.2
30.1
30.2
30.1
30.3
30.2
30.3
30.2
30.2
30.2
30.2
30.2
30.3
30.2
30.3
30.2
30.1
30.2
30.4
30.3
30.3
30.2
30.2
30.1
30.4
30.2
30.2
30.3
30.2
30.2
30.2
30.3
30.2
30.2
30.1
30.1
30.3
30.2
30.4
30.4
30.2
30.3
30.3
30.3
30.3
30.3
30.2
30.3
30.3
30.4
30.4
30.2
30.3
30.3
30.4
30.3
30.1
30.2
30.2
30.2
30.4
30.3
30.3
30.2
30.3
30.4
30.3
30.4
30.4
30.4
30.2
30.3
30.4
30.4
30.4
30.3
30.4
30.2
30.4
30.5
30.4
30.2
30.3
30.3
30.3
30.4
30.3
30.3
30.3
30.5
30.2
30.4
30.3
30.2
30.3
30.4
30.4
30.3
30.3
30.5
30.4
30.3
30.5
30.2
30.3
30.3
30.4
30.3
30.5
30.4
30.3
30.4
30.3
30.3
30.2
30.2
30.4
30.3
30.3
30.5
30.4
30.4
30.3
30.3
30.4
30.5
30.2
30.4
30.5
30.4
30.4
30.2
30.3
30.4
30.5
30.4
30.4
30.4
30.5
30.5
30.4
30.4
30.3
30.5
30.3
30.5
30.4
30.5
30.5
30.4
30.2
30.3
30.3
30.4
30.5
30.3
30.5
30.3
30.3
30.5
30.5
30.3
30.3
30.3
30.5
30.3
30.5
30.3
30.3
30.5
30.3
30.3
30.5
30.4
30.5
30.3
30.4
30.3
30.4
30.4
30.4
30.3
30.4
30.5
30.4
30.4
30.4
30.4
30.4
30.5
30.3
30.4
30.4
30.5
30.4
30.4
30.4
30.4
30.5
30.3
30.5
30.4
30.4
30.5
30.5
30.5
30.4
30.4
30.5
30.5
30.4
30.4
30.5
30.4
30.5
30.5
30.4
30.4
30.5
30.4
30.5
30.5
30.4
30.5
30.4
30.4
30.5
30.5
30.5
30.5
30.5
30.4
30.5
30.4
30.5
30.5
30.5
30.5
30.4
30.5
30.5
30.4
30.4
30.5
30.5
30.4
30.5
30.5
30.5
30.4
30.6
30.5
30.4
30.5
30.5
30.5
30.4
30.5
30.5
30.5
30.4
30.5
30.4
30.5
30.5
30.5
30.5
30.5
30.4
30.5
30.5
30.5
30.5
30.5
30.5
30.5
30.5
30.5
30.5
30.4
30.6
30.5
30.4
30.5
30.5
30.5
30.5
30.4
30.4
30.5
30.6
30.5
30.5
30.6
30.5
30.5
30.5
30.5
30.5
30.5
30.4
30.5
30.5
30.5
30.5
30.5
30.5
30.5
30.5
30.5
30.5
30.5
30.5
30.5
30.5
30.4
30.5
30.5
30.6
30.5
30.5
30.5
30.4
30.5
30.5
30.5
30.6
30.5
30.5
30.5
30.6
30.6
30.5
30.5
30.4
30.5
30.5
30.6
30.6
30.5
30.5
30.6
30.4
30.5
30.6
