20.8
20.8
20.8
20.8
20.8
20.7
20.8
20.8
20.7
20.8
20.8
20.8
20.7
20.8
20.9
20.8
20.8
20.9
20.8
20.8
20.9
21
20.8
20.9
20.9
20.8
20.8
20.9
20.9
20.8
20.9
20.9
20.9
20.9
20.9
21
20.9
20.8
20.8
20.9
20.9
20.8
20.8
20.9
20.8
20.9
20.9
21.1
21.5
21.3
21.2
21.1
21
20.9
20.8
20.9
20.8
20.8
20.7
20.6
20.6
20.6
20.6
20.6
20.6
20.8
20.5
20.3
20.3
20.4
20.3
20.3
20.3
20.3
20.3
20.3
20.3
20.2
20.1
20.2
20.1
20.1
20.1
20
20.1
20.1
20
20.1
20
20
19.9
20
19.9
20
20
20.4
21.1
22.2
23.3
24.3
24.5
24.7
25
25.1
25.3
24.8
23.7
23.3
24
25
25.3
25.3
25.5
25.7
25.8
26.1
26.1
26
26.1
26.4
26.6
26.8
26.9
27
27.1
27.2
27.2
27.2
27.2
27.1
27.2
27.2
27.3
27.4
27.3
27.4
27.4
27.4
27.5
27.6
27.7
27.7
27.8
27.9
27.9
27.9
27.9
28.2
28.2
28.2
28.2
28.1
28.3
28.3
28.4
28.4
28.3
28.5
28.5
28.6
28.6
28.7
28.6
28.6
28.9
28.9
28.9
28.9
29.2
29.1
29.1
29.2
29.4
29.4
29.4
29.4
29.5
29.6
29.6
29.7
29.6
29.7
29.7
29.9
29.9
29.8
29.9
30
29.9
30
30.1
30.2
30.2
30.3
30.3
30.3
30.4
30.5
30.7
30.7
30.8
30.9
30.9
30.9
30.9
31
30.9
30.9
31.1
31.1
31.1
31.2
31
31.1
31.3
31.4
31.5
31.5
31.5
31.7
31.6
31.7
31.7
31.8
31.8
31.8
32
31.8
31.8
31.9
32
31.9
32.2
32.1
32.2
32.2
32.4
32.5
32.4
32.5
32.5
32.5
32.4
32.6
32.5
32.8
32.7
32.8
32.7
32.8
32.9
33.1
33.1
33.3
33.5
33.3
33.4
33.5
33.4
33.5
33.5
33.5
33.6
33.6
33.6
33.7
33.7
33.9
33.7
33.8
33.9
34
33.9
34.1
34
34.1
34.1
34.2
34.3
34.3
34.3
34.4
34.4
34.4
34.4
34.6
34.5
34.6
34.6
34.6
34.6
34.8
34.8
34.9
34.8
34.9
35
34.9
34.9
35.1
35.1
35.2
35.1
35.3
35.2
35.4
35.4
35.4
35.4
35.6
35.6
35.6
35.6
35.6
35.6
35.6
35.8
35.9
35.8
35.8
35.9
35.9
35.9
35.9
36
36
36.1
36
36.2
36.2
36.1
36.1
36.2
36.3
36.4
36.5
36.5
36.5
36.5
36.7
36.6
36.6
36.6
36.8
36.7
36.7
36.7
36.8
36.8
37
36.9
37
37
37
37
37.2
37.2
37.2
37.3
37.2
37.2
37.2
37.3
37.3
37.2
37.3
37.3
37.3
37.4
37.3
37.5
37.6
37.5
37.6
37.6
37.6
37.5
37.6
37.6
37.6
37.6
37.7
37.9
37.8
37.8
37.8
37.9
37.9
37.9
38.1
38.1
38.1
38
38
38.1
38
38.2
38.2
38.2
38.2
38.4
38.3
38.4
38.4
38.3
38.4
38.4
38.5
38.6
38.5
38.5
38.6
38.6
38.6
38.6
38.7
38.6
38.6
38.6
38.7
38.7
38.8
38.7
38.8
38.7
38.7
38.8
38.9
38.9
38.9
38.9
38.9
38.9
39.1
39
39.1
39
39.1
39.2
39.2
39.1
39.2
39.3
39.3
39.2
39.2
39.3
39.3
39.3
39.3
39.3
39.3
39.4
39.4
39.5
39.4
39.4
39.5
39.5
39.5
39.6
39.6
39.7
39.7
39.5
39.6
39.7
39.6
39.7
39.7
39.8
39.7
39.8
39.7
39.7
39.7
39.8
39.7
39.7
39.9
39.8
39.9
40.1
39.9
40
40.1
40.2
40.1
40.2
40.2
40.2
40.3
40.3
40.3
40.5
40.3
40.4
40.4
40.4
40.4
40.5
40.5
40.5
40.4
40.6
40.4
40.5
40.6
40.5
40.6
40.7
40.6
40.6
40.6
40.7
40.7
40.7
40.6
40.7
40.8
40.8
40.8
40.8
40.7
40.9
40.9
40.7
40.9
40.9
40.9
41
40.9
41
41
41
40.9
40.9
41
41
41
41
41.2
41.1
41.1
41
41.1
41.2
41.1
41.3
41.2
41.2
41.2
41.3
41.2
41.3
41.2
41.2
41.3
41.3
41.2
41.3
41.4
41.3
41.4
41.4
41.4
41.4
41.5
41.5
41.5
41.5
41.5
41.5
41.5
41.6
41.5
41.5
41.6
41.5
41.9
41.6
41.6
41.6
41.6
41.7
41.6
41.7
41.7
41.7
41.7
41.7
41.7
41.7
41.8
41.7
41.8
41.8
41.9
41.8
41.8
41.9
41.9
41.9
41.8
41.9
41.8
41.9
41.8
41.9
41.9
42
41.9
42.1
41.9
42
42
42.1
42
42
42
42.1
42
42
42.2
42.1
42.1
42
42.1
42
42.1
42
42.1
42.1
42.3
42.2
42.3
42.1
42.2
42.1
42.2
42.2
42.2
42.2
42.3
42.2
42.3
42.3
42.3
42.2
42.3
42.3
42.4
42.4
42.3
42.3
42.3
42.3
42.4
42.5
42.3
42.4
42.4
42.4
42.3
42.4
42.5
42.4
42.5
42.5
42.5
42.5
42.5
42.5
42.5
42.5
42.6
42.5
42.6
42.6
42.6
42.6
42.5
42.6
42.7
42.6
42.7
42.6
42.7
42.7
42.6
42.6
42.7
42.7
42.7
42.7
42.7
42.7
42.6
42.7
42.7
42.7
42.7
42.7
42.7
42.7
42.7
42.7
42.7
42.7
42.7
42.8
42.7
42.7
42.7
42.8
42.7
42.7
42.8
42.7
42.8
42.7
42.8
42.9
42.9
42.9
42.9
42.9
42.9
42.9
43
43.1
43
43
43
43
43
43.1
43
43.2
43.2
43.1
43.1
43.2
43.1
43.1
43.2
43.2
43.2
43.1
43.1
43.2
43.4
43.3
43.2
43.2
43.2
43.3
43.2
43.3
43.5
43.2
43.3
43.2
43.4
43.4
43.4
43.4
43.3
43.3
43.3
43.4
43.4
43.3
43.3
43.4
43.4
43.4
43.4
43.4
43.6
43.3
43.4
43.5
43.4
43.5
43.5
43.5
43.5
43.5
43.6
43.6
43.5
43.6
43.5
43.5
43.6
43.5
43.6
43.5
43.6
43.6
43.7
43.7
43.6
43.7
43.7
43.6
43.7
43.5
43.6
43.6
43.6
43.7
43.6
43.8
43.7
43.8
43.7
43.7
43.7
43.7
43.7
43.8
43.8
43.7
43.8
43.7
43.8
43.7
43.9
43.8
43.9
43.9
43.8
43.8
43.8
43.8
43.8
43.9
43.8
43.8
43.8
43.7
43.8
43.8
43.8
43.8
43.8
43.7
43.8
43.8
43.8
43.8
43.8
43.7
43.9
43.9
43.9
43.8
43.8
43.9
43.8
43.9
43.8
43.9
43.9
43.9
43.8
43.8
43.9
43.8
43.9
43.8
43.9
43.8
43.9
44
43.9
43.9
43.9
44
44
43.8
43.8
43.9
43.8
43.9
44
44
43.9
43.8
43.9
43.9
43.9
44
43.9
44
44.1
43.9
43.9
43.9
44
43.9
44
43.9
43.9
43.9
44
44
44
44.1
44
44
44
44
44
44
44
44
44
44
44.1
44
43.9
44
44
44
44
44.1
44.1
43.9
44
44.1
44
44.1
44
44
44.1
44
44
44.1
44.1
44.1
44.1
44.1
43.9
43.9
44
44
44
44
44
44
44
44.1
44.1
44.2
43.9
44
44.1
44.1
44.1
44.1
44.1
44
44.1
44.1
44.2
44.1
44.2
44.1
44.1
44.2
44.2
44.2
44.1
44.2
44.2
44.1
44.2
44.1
44.2
44.1
44.2
44.1
44.2
44.2
44.2
44.2
44.1
44.2
44.2
44.2
44.2
44.2
44.2
44.2
44.2
44.2
44.3
44.2
44.2
44.2
44.4
44.4
44.3
44.2
44.2
44.3
44.3
44.3
44.3
44.4
44.3
44.4
44.3
44.3
44.4
44.4
44.4
44.3
44.4
44.3
44.2
44.4
44.3
44.2
44.4
44.3
44.4
44.5
44.3
44.4
44.5
44.4
44.5
44.4
44.4
44.3
44.5
44.5
44.3
44.5
44.3
44.2
44.4
44.3
44.4
44.2
44.3
44.3
44.4
44.4
44.3
44.4
44.2
44.3
44.3
44.4
44.4
44.3
44.3
44.3
44.3
44.3
44.4
44.5
44.3
44.3
44.4
44.3
44.3
44.3
44.3
44.4
44.3
44.5
44.4
44.3
44.3
44.3
44.5
44.3
44.3
44.3
44.4
44.3
44.3
44.3
44.5
44.4
44.4
44.4
44.2
44.4
44.3
44.3
44.3
44.4
44.4
44.3
44.4
44.4
44.3
44.4
44.2
44.2
44.4
44.5
44.3
44.3
44.5
44.5
44.4
44.4
44.3
44.4
44.3
44.5
44.4
44.5
44.3
44.4
44.5
44.5
44.3
44.5
44.3
44.5
44.3
44.5
44.5
44.3
44.4
44.5
44.5
44.3
44.4
44.3
44.3
44.5
44.4
44.3
44.4
44.3
44.3
44.3
44.2
44.4
44.3
44.3
44.3
44.5
44.3
44.4
44.3
44.4
44.6
44.3
44.3
44.5
44.4
44.3
44.5
44.6
44.5
44.3
44.5
44.5
44.4
44.3
44.5
44.4
44.5
44.4
44.3
44.4
44.3
44.4
44.5
44.5
44.3
44.3
44.3
44.3
44.3
44.4
44.4
44.4
44.4
44.5
44.4
44.3
44.3
44.5
44.4
44.4
44.3
44.3
44.3
44.3
44.4
44.2
44.4
44.4
44.4
44.3
44.3
44.3
44.3
44.3
44.2
44.2
44.3
44.2
44.4
44.3
44.4
44.3
44.4
44.2
44.2
44.2
44.4
44.1
44.2
44.1
44.3
44.3
44.2
44.3
44.3
44.2
44.2
44.1
44.2
44.3
44.2
44.2
44.3
44.4
44.2
44.1
44.2
44.1
44.3
44.3
44.2
44.1
44.3
44.2
44.2
44.3
44.2
44.2
44.1
44.3
44.2
44.1
44.2
44.2
44.2
44.2
44.2
44.1
44.2
44.3
44.3
44.1
44.2
44
44.1
44.2
44.1
44.2
44.2
44.1
44
44.1
44.2
44.2
44.1
44.1
44.2
44.1
44
44.2
44.2
44.2
44.2
44.1
44.2
44
44.1
44.2
44.1
44
44.1
44.1
44.1
44
43.9
44.1
44.2
44.1
44.2
44.2
44.1
44.2
44.2
44.1
44.2
44.1
44
44.2
44.2
44.2
44.2
44.1
44.1
44
44.1
44.1
44
44.2
44.1
44
44.1
44.1
44.1
44
44.1
44
44.1
44.1
44.1
44.1
44
44.1
44.1
44.1
44
44.1
44.2
44
44
44.2
44
44
44
44
44.2
43.9
44.2
44
44.1
44
44.2
44
44.1
44.1
44
44.1
44
44
44.1
44.1
44
44
44.1
44.1
44
44
44
44.1
44.1
44
44
43.9
44.1
44
44.1
44.1
44
44
44.1
44
44
43.9
43.8
44
43.9
44
43.9
44.1
44
43.9
44
44
44.1
43.9
44
43.9
44.1
43.9
43.9
44
44.1
43.9
44
44
44
44.1
43.9
44
44.1
43.8
43.3
44
44.1
44
44
43.9
44
43.9
43.9
44
43.9
44
43.9
43.8
43.9
44
44
43
44
43.8
44
44
43.6
43.8
44
43.9
44
44.3
43.8
44.2
44.4
43.9
44
44
42.9
44.1
44
43.8
43.3
43.9
44
43.7
44.1
43.8
44
44
45.6
44.4
43.9
44
43.9
44
43.9
43.9
44
43.7
43.9
43.7
44.2
43.7
43.9
43.8
44
43.9
43.8
43.9
43.8
42.8
43.8
43.9
43.8
43.8
44
43.9
43.8
43.1
43.9
44.1
44
43.9
44.6
44
43.8
43.8
45.2
44
43.9
43.9
43.7
43.9
44
43.4
43.5
45.9
43.8
43.8
43.9
44
43.8
43.7
43.8
43.1
43.9
43
43.8
44.5
43.9
43.9
42.6
43.8
43.7
43.8
44
43.4
44
43.8
45.6
44
43.9
44.2
43.9
43.8
43.9
43.8
44.4
43.9
44
44.6
43.8
43.8
43.8
43.8
43.9
43.8
43.8
43.9
43.8
44
43.8
43.8
43.8
43.8
43.8
43.9
43.8
43.9
43.7
43.8
43.8
43.7
43.8
43.8
43.8
43.9
43.7
43.7
43.9
43.8
43.8
43.9
43.7
43.9
43.7
43.8
43.9
43.8
43.9
43.8
43.9
43.8
43.9
43.8
44
43.7
43.9
43.9
43.8
43.7
43.8
43.8
43.8
44
43.9
43.8
43.9
43.9
43.8
43.8
43.8
43.7
43.7
43.9
43.9
43.9
43.8
43.8
43.9
43.9
43.7
44
43.8
43.8
43.8
43.7
43.7
43.9
43.7
43.7
43.8
43.7
43.8
43.9
43.7
43.8
43.9
43.8
43.9
43.7
43.7
43.8
43.8
43.7
43.9
43.7
43.9
43.9
43.8
43.8
43.8
43.7
43.8
43.7
43.7
43.9
43.8
43.7
43.9
43.8
43.8
43.9
43.9
43.6
43.8
43.8
43.8
43.7
43.7
43.8
43.8
43.8
43.8
43.7
43.9
43.8
43.8
43.9
43.8
43.7
43.7
43.7
43.9
43.8
43.8
43.8
43.7
43.7
43.7
43.9
43.7
43.8
43.8
43.8
43.7
43.7
43.8
43.7
43.7
43.8
43.8
43.8
44
43.8
43.7
43.7
43.9
43.8
43.6
43.7
43.7
43.6
43.6
43.7
43.9
43.7
43.7
43.8
43.7
43.8
43.8
43.8
43.8
43.6
43.7
43.6
43.6
43.7
43.7
43.6
43.7
43.8
43.8
43.7
43.7
43.6
43.8
43.7
43.7
43.7
43.6
43.8
43.9
43.7
43.6
43.6
43.7
43.8
43.8
43.6
43.8
43.6
43.7
43.6
43.7
43.7
43.6
43.6
43.7
43.7
43.8
43.5
43.7
43.7
43.7
43.5
43.7
43.8
43.6
43.7
43.6
43.7
43.6
43.7
43.8
43.7
43.8
43.6
43.6
43.8
43.6
43.5
43.7
43.7
43.8
43.6
43.5
43.7
43.6
43.7
43.6
43.6
43.6
43.7
43.7
43.9
43.7
43.7
43.7
43.5
43.6
43.9
43.7
43.5
43.8
43.6
43.6
43.7
43.6
43.7
43.6
43.7
43.7
43.8
43.6
43.6
43.7
43.7
43.8
43.6
43.5
43.5
43.8
43.6
43.7
43.7
43.7
43.5
43.7
43.6
43.6
43.7
43.6
43.5
43.7
43.7
43.5
43.6
43.5
43.7
43.7
43.6
43.6
43.5
43.7
43.7
43.7
43.7
43.5
43.7
43.6
43.6
43.7
43.7
43.8
43.6
43.6
43.6
43.6
43.7
43.7
43.8
43.8
43.5
43.6
43.6
43.7
43.6
43.8
43.8
43.7
43.6
43.6
43.7
43.8
43.6
43.6
43.7
43.7
43.8
43.6
43.8
43.9
43.7
43.8
43.9
43.8
43.7
43.8
43.8
43.8
43.8
43.7
43.7
43.6
43.8
43.6
43.7
43.6
43.6
43.6
43.8
43.9
43.8
43.8
43.8
43.8
43.6
43.8
43.8
43.7
43.7
43.7
43.8
43.8
43.6
43.7
43.6
43.8
43.7
43.8
43.6
43.6
43.7
43.7
43.6
43.8
43.7
43.7
43.8
43.8
43.8
43.8
43.7
43.7
43.7
43.7
43.7
43.8
43.8
43.8
43.6
43.8
43.6
43.8
43.6
43.8
43.7
43.7
43.7
43.6
43.7
43.5
43.6
43.6
43.7
43.7
43.8
43.9
43.9
43.7
43.7
43.8
43.6
43.6
43.6
43.7
43.7
43.8
43.6
43.6
43.6
43.7
43.8
43.7
43.6
43.8
43.8
43.7
43.7
43.6
43.6
43.6
43.7
43.8
43.6
43.7
43.8
43.6
43.8
43.6
43.6
43.5
43.6
43.6
43.6
43.6
43.7
43.6
43.7
43.6
43.6
43.8
43.8
43.7
43.7
43.5
43.6
43.8
43.7
43.8
43.7
43.7
43.5
43.6
43.5
43.5
43.7
43.5
43.5
43.7
43.7
43.5
43.5
43.5
43.5
43.5
43.6
43.6
43.6
43.5
43.7
43.5
43.7
43.5
43.5
43.7
43.6
43.7
43.4
43.7
43.7
43.7
43.5
43.5
43.7
43.5
43.7
43.8
43.5
43.6
43.7
43.8
43.7
43.7
43.5
43.8
43.5
43.7
43.7
43.5
43.6
43.5
43.7
43.5
43.5
43.7
43.5
43.6
43.6
43.8
43.6
43.5
43.7
43.5
43.5
43.7
43.6
43.7
43.6
43.7
43.5
43.6
43.5
43.7
43.5
43.6
43.6
43.5
43.6
43.7
43.6
43.5
43.7
43.6
43.6
43.5
43.5
43.6
43.7
43.5
43.7
43.6
43.6
43.5
43.4
43.5
43.4
43.6
43.7
43.5
43.6
43.4
43.5
43.5
43.4
43.6
43.6
43.4
43.6
43.6
43.4
43.4
43.4
43.6
43.6
43.6
43.6
43.5
43.6
43.4
43.6
43.5
43.6
43.5
43.7
43.6
43.4
43.7
43.7
43.6
43.4
43.7
43.7
43.6
43.5
43.6
43.4
43.4
43.5
43.5
43.7
43.6
43.5
43.6
43.5
43.4
43.5
43.6
43.5
43.4
43.4
43.7
43.7
43.6
43.5
43.4
43.6
43.6
43.7
43.6
43.5
43.6
43.4
43.3
43.6
43.6
43.4
43.6
43.7
43.5
43.5
43.5
43.5
43.5
43.5
43.6
43.7
43.5
43.6
43.7
43.7
43.6
43.6
43.6
43.7
43.5
43.8
43.7
43.6
43.7
43.7
43.8
43.7
43.6
43.6
43.7
43.6
43.6
43.8
43.7
43.6
43.7
43.8
43.7
43.8
43.8
43.6
43.8
43.6
43.9
43.7
43.8
43.8
43.8
43.6
43.6
43.6
43.7
43.7
43.7
43.6
43.7
43.6
43.5
43.6
43.8
43.8
43.8
43.8
43.9
43.6
43.6
43.7
43.6
43.8
43.6
43.6
43.7
43.5
43.7
43.5
43.8
43.7
43.7
43.9
43.8
43.7
43.9
43.7
43.7
43.6
43.8
43.7
43.9
43.9
43.8
43.7
43.9
43.7
43.9
43.9
43.7
43.8
43.8
43.8
43.7
44.5
43.7
43.8
43.8
43.7
43.9
43.7
43.7
43.7
43.8
43.8
43.9
43.7
43.9
43.7
43.7
43.8
43.9
43.6
43.6
43.9
43.8
43.8
43.8
43.9
43.9
43.7
43.7
43.9
43.7
43.9
43.9
43.8
43.7
43.9
43.9
43.7
43.7
43.9
43.7
43.9
43.7
43.9
43.7
43.9
43.9
43.9
44
44
43.7
43.9
43.8
43.7
43.7
44
43.8
44
43.7
44
43.7
43.9
43.8
43.9
43.8
43.8
44
43.9
43.8
44
43.9
43.8
43.9
43.7
43.7
43.8
43.8
44
44
44
43.8
44
43.9
43.9
44
43.9
43.8
43.8
43.9
43.7
44
44
43.7
43.9
43.8
44
44
43.8
43.8
43.8
43.9
44
43.8
43.9
43.8
43.8
43.9
43.8
43.7
43.8
43.9
44
43.8
43.9
43.9
44
43.9
43.8
44
43.9
43.7
43.8
43.8
44
44
43.9
43.9
43.9
43.7
43.8
43.9
43.8
43.8
43.8
44
44.1
43.9
43.7
43.9
44
44
44
43.9
44
44
44
44
43.8
43.8
43.8
44
43.9
44
43.8
43.9
44
44
43.8
43.9
44
44
44
43.8
44
44
44
43.8
43.9
44
43.9
44
43.9
43.9
44
43.8
44
43.8
43.8
44
43.8
43.8
43.8
43.8
44.1
43.8
44
43.8
44
44
44.1
44
43.9
43.9
43.8
43.9
43.8
43.8
43.8
44
44.1
43.8
43.8
43.8
44
43.9
43.9
43.8
43.8
43.9
44
44
43.8
44
44
44.1
44
44
43.9
43.8
43.9
43.8
44.1
44.1
43.9
43.9
44
43.9
44.1
44
43.9
43.8
44.1
44
44
44
43.8
44
44
44.1
44
43.8
44
44.1
43.8
44
43.9
44.1
44.1
43.8
43.9
43.8
43.9
43.9
43.9
44.1
43.8
43.9
44
43.9
44
43.9
43.8
43.9
43.8
44.2
44.1
43.9
44.1
44.1
44.1
44
44
44
44
43.9
44.2
43.9
44.1
43.9
44.1
43.9
43.9
44
43.9
43.8
43.9
43.9
43.9
44.1
44
44.1
43.9
43.9
44.1
44
44.1
44
44.1
44.2
44
44.1
43.9
43.9
44
43.9
44
44
44.1
43.8
43.9
43.8
44.1
44.1
43.9
44.1
44.1
44.1
43.9
44
44
44
44.1
44
44.1
44
43.9
43.9
43.9
43.9
44.1
44.1
44
44.2
44.1
43.9
43.9
44.2
44
44
44
44.1
44
44
44.1
44.1
43.9
43.9
44.1
43.9
44
44
44.1
44
43.9
44.1
43.9
44
44.1
43.9
44.1
43.9
44.2
44.1
44
44
44
44.2
43.9
44
43.9
43.9
43.9
44
43.9
44
44.1
44
43.9
44
44.1
44
43.9
44.1
43.9
44.1
43.9
43.9
44.2
43.8
44.1
43.8
44.1
44
44
43.9
43.9
44.1
44.1
43.9
43.9
44.1
44
44.1
43.9
44.1
44.2
44.1
43.9
44
44.1
43.9
44.1
44.1
44.2
44
44.1
44.2
44
44.1
44
44
43.9
43.9
44
43.9
44
43.9
44.2
43.9
44.2
44.1
44.1
44
43.9
44.1
43.9
44.2
44.2
44.1
44
43.9
44
43.9
43.9
43.9
43.9
44
43.9
44.1
43.9
43.9
44.2
44
44
44
44.1
43.9
43.9
44.2
44.1
43.9
43.8
43.7
43.7
43.6
43.5
43.6
43.5
43.6
43.3
43.5
43.5
43.4
43.5
43.3
43.5
43.4
43.4
43.3
43.3
43.3
43.5
43.3
43.2
43.2
43.2
43.4
43.2
43.2
43.4
43.3
43.2
43.4
43.1
43.4
43.1
43.1
43.1
43.2
43.3
43.3
43.2
43.4
43.2
43.2
43.1
43.2
43
43
43.1
43
43.1
43
43.1
43
43.3
43.2
43.2
43.3
43.2
43.3
43.1
43.2
43.2
43
43.3
43.1
43
43
43.3
43.1
43.2
43.2
43
43
43.1
43
43.1
43.3
42.9
43.1
43
43.1
43
43.1
43.1
43.3
42.9
43.1
43
43.2
43.2
43
43
43
43.2
43
43
43.2
43.2
43.2
43
43.1
43
43
43
43
43.3
43
43
43.2
43
43.2
43.1
43.2
43.1
43
43.1
43
42.9
43
42.9
43
43
43.2
43
43
43.1
43.1
43
43.2
43.1
43.2
43.2
43.1
43.2
42.9
43.1
43
42.9
43
43.1
43
43.1
43.2
43
43
43
43.1
43.1
43.1
42.9
43
43.1
42.9
43.1
43
42.9
42.9
42.9
43
43.1
43.2
43
42.9
42.9
42.9
43
43.1
43.1
43.1
43.1
43.1
42.9
43
43
43
42.9
42.9
43.1
43.1
42.9
42.9
42.9
42.9
43
43.1
43.1
43
43.1
43.1
43
43.1
43.1
42.9
43.2
43
43.1
42.9
43.1
43.1
42.9
42.9
43.1
42.9
42.9
43.1
43.1
43
42.8
43.1
42.8
42.8
42.8
43.1
43
43.1
42.8
42.9
42.7
42.9
43
43
42.9
42.9
43
42.9
42.9
43
43.1
43.1
43.1
43.1
42.9
43
42.9
43
43.1
43
43
42.9
43
42.8
42.9
42.8
42.8
42.9
43
42.8
42.8
42.8
42.8
42.8
42.8
42.8
42.9
42.9
43
42.9
42.8
43
43
42.8
42.9
42.8
42.9
42.9
43
42.9
43
42.9
42.7
43
42.7
42.8
42.9
42.8
42.8
43
42.8
43
43
42.8
43
42.9
42.8
43
42.9
42.8
42.8
42.7
42.8
42.8
42.9
42.8
42.8
42.8
43
42.8
42.9
43.1
43.1
43
42.8
42.9
43
43
42.9
42.8
43
43
42.8
42.9
43
43
42.7
42.8
42.7
43
42.7
42.8
43
43
42.8
42.9
42.9
42.8
42.8
43
42.8
42.8
42.8
43
42.8
43.1
43
42.9
42.8
43
42.7
43
42.8
42.9
43
42.8
43
43.1
42.9
43.1
43.1
43
43
43
43
42.9
42.8
43
43
43
43
43
43
42.9
43.1
42.9
43
42.9
43
42.8
42.8
42.8
42.8
42.9
42.9
42.9
43.1
43
42.9
42.8
42.9
43
42.8
42.8
42.9
42.9
43.1
42.9
42.8
43.2
43
42.8
42.9
42.9
42.8
43
43.1
42.8
43
43
42.9
42.8
43
42.7
42.9
42.9
42.8
43
42.8
42.9
42.9
43.1
43
43.2
43.1
43.4
43.8
44.2
44.2
44.4
43.9
43
42.4
42
41.8
41.5
41.3
41.1
41
41.1
41
41.1
41.4
41.8
42.3
42.7
42.8
42.9
42.8
42.8
42.7
42.7
42.7
42.7
42.7
42.8
42.7
42.8
42.7
42.7
42.8
42.9
42.8
42.9
43
43.2
43.1
43.1
43.2
43
43.3
43
43.3
43.2
43.4
43.5
43.5
43.4
43.6
43.7
43.6
43.6
43.7
43.4
43.5
43.7
43.7
43.8
43.5
43.6
43.6
43.8
43.8
43.7
43.6
43.8
43.6
43.8
43.6
43.9
43.6
43.9
43.7
43.8
43.7
43.9
43.7
43.8
43.7
43.9
43.8
44
44.1
43.8
44
44
43.9
43.9
43.9
44
43.9
43.9
44.1
43.9
43.9
44.1
44
43.9
44.1
43.9
44.2
43.9
44
44.1
44.1
44.2
44
44.1
44.2
44.2
44.2
44.1
44.3
44.2
44.2
44.3
44.3
44.3
44
44.2
44.1
44.3
44.2
44.3
44.2
44.2
44.1
44.1
44.1
44.1
44.1
44.2
44.2
44.2
44.1
44.3
44.4
44.3
44.2
44.3
44.4
44.2
44.4
44.2
44.3
44.3
44.5
44.3
44.4
44.4
44.3
44.4
44.6
44.4
44.4
44.6
44.3
44.5
44.6
44.5
44.3
44.2
44.2
43.9
43.8
43.8
43.7
43.7
43.8
43.9
43.7
43.6
43.8
43.7
43.7
43.7
43.6
43.6
43.6
43.6
43.7
43.7
43.7
43.6
43.6
43.7
43.6
43.6
43.7
43.7
43.7
43.8
43.5
43.6
43.6
43.6
43.5
43.7
43.7
43.6
43.5
43.7
43.7
43.7
43.7
43.5
43.7
43.8
43.4
43.7
43.5
43.7
43.5
43.7
43.7
43.5
43.6
43.7
43.7
43.6
43.7
43.5
43.5
43.6
43.5
43.6
43.5
43.5
43.5
43.6
43.5
43.4
43.4
43.6
43.4
43.6
43.6
43.6
43.4
43.4
43.4
43.4
43.7
43.4
43.5
43.4
43.4
43.5
43.5
43.4
43.4
43.5
43.4
43.5
43.5
43.5
43.5
43.7
43.5
43.6
43.4
43.6
43.5
43.5
43.5
43.5
43.4
43.6
43.6
43.4
43.5
43.5
43.6
43.5
43.6
43.6
43.5
43.7
43.6
43.5
43.6
43.4
43.5
43.5
43.4
43.4
43.4
43.4
43.7
43.6
43.6
43.5
43.6
43.5
43.4
43.5
43.5
43.6
43.7
43.4
43.7
43.5
43.6
43.6
43.7
43.5
43.6
43.4
43.5
43.6
43.4
43.6
43.5
43.4
43.7
43.6
43.6
43.6
43.6
43.4
43.5
43.4
43.6
43.5
43.6
43.6
43.5
43.6
43.6
43.4
43.4
43.4
43.6
43.4
43.5
43.5
43.5
43.4
43.4
43.3
43.3
43.5
43.3
43.5
43.5
43.5
43.5
43.3
43.4
43.5
43.4
43.5
43.4
43.6
43.3
43.4
43.6
43.5
43.6
43.3
43.4
43.4
43.6
43.4
43.6
43.4
43.7
43.4
43.6
43.4
43.4
43.5
43.5
43.6
43.4
43.6
43.4
43.5
43.5
43.5
43.5
43.6
43.5
43.6
43.5
43.7
43.6
43.7
43.6
43.5
43.6
43.7
43.6
43.8
43.6
43.6
43.7
43.7
43.7
43.8
43.8
43.6
43.8
43.8
43.9
43.8
43.7
43.8
43.6
43.6
43.6
43.8
43.8
43.8
43.6
43.8
43.7
43.6
43.5
43.7
43.5
43.5
43.5
43.7
43.5
43.5
43.8
43.5
43.7
43.6
43.8
43.7
43.7
43.7
43.8
43.7
43.8
43.5
43.6
43.6
43.5
43.5
43.8
43.7
43.5
43.6
43.8
43.7
43.8
43.8
43.5
43.6
43.5
43.8
43.5
43.5
43.6
43.7
43.7
43.7
43.7
43.5
43.5
43.8
43.5
43.7
43.8
43.5
43.6
43.5
43.7
43.5
43.7
43.6
43.7
43.6
43.7
43.5
43.7
43.7
43.7
43.6
43.6
43.6
43.4
43.5
43.4
43.6
43.6
43.7
43.4
43.6
43.4
43.5
43.6
43.4
43.6
43.4
43.6
43.4
43.4
43.7
43.5
43.4
43.4
43.6
43.6
43.4
43.4
43.6
43.5
43.5
43.4
43.4
43.6
43.5
43.6
43.4
43.6
43.4
43.5
43.4
43.6
43.6
43.5
43.5
43.3
43.4
43.3
43.4
43.6
43.3
43.5
43.4
43.6
43.6
43.5
43.4
43.6
43.4
43.6
43.5
43.6
43.5
43.7
43.6
43.5
43.4
43.5
43.6
43.5
43.6
43.6
43.5
43.5
43.5
43.4
43.5
43.1
43.4
43.4
43.5
43.6
43.4
43.4
43.7
43.6
43.4
43.5
43.7
43.5
43.6
43.5
43.7
43.5
43.6
43.4
43.4
43.4
43.4
43.4
43.4
43.4
43.4
43.4
43.4
43.5
43.4
43.4
43.5
43.5
43.5
43.5
43.3
43.6
43.5
43.4
43.3
43.4
43.5
43.5
43.5
43.5
43.5
43.4
43.4
43.5
43.6
43.6
43.5
43.5
43.4
43.5
43.4
43.4
43.5
43.4
43.4
43.6
43.4
43.5
43.6
43.6
43.4
43.6
43.5
43.4
43.4
43.4
43.4
43.4
43.5
43.6
43.4
43.6
43.4
43.4
43.4
43.5
43.4
43.5
43.4
43.5
43.6
43.6
43.6
43.4
43.4
43.6
43.5
43.7
43.6
43.4
43.5
43.7
43.7
43.5
43.4
43.7
43.5
43.7
43.7
43.6
43.8
43.6
43.7
43.6
43.7
43.6
43.5
43.7
43.6
43.7
43.6
43.7
43.7
43.6
43.7
43.8
43.7
43.8
43.6
43.5
43.8
43.7
43.7
43.7
43.6
43.8
43.6
43.8
43.7
43.7
43.7
43.7
43.6
43.6
43.6
43.6
43.8
43.6
43.5
43.6
43.7
43.5
43.5
43.8
43.7
43.7
43.5
43.6
43.6
43.5
43.6
43.6
43.5
43.7
43.8
43.7
43.7
43.6
43.6
43.8
43.5
43.5
43.7
43.7
43.7
43.7
43.7
43.7
43.6
43.7
43.7
43.4
43.7
43.8
43.5
43.5
43.5
43.7
43.7
43.5
43.5
43.4
43.6
43.5
43.6
43.7
43.5
43.4
43.7
43.4
43.5
43.5
43.4
43.7
43.6
43.4
43.6
43.7
43.5
43.5
43.6
43.5
43.7
43.5
43.6
43.6
43.4
43.5
43.5
43.6
43.5
43.5
43.4
43.6
43.7
43.5
43.5
43.4
43.5
43.5
43.7
43.5
43.5
43.7
43.6
43.4
43.4
43.7
43.5
43.7
43.5
43.5
43.7
43.6
43.5
43.6
43.4
43.5
43.7
43.6
43.5
43.5
43.7
43.6
43.5
43.7
43.7
43.5
43.6
43.7
43.7
43.6
43.5
43.6
43.5
43.6
43.5
43.7
43.7
43.7
43.5
43.5
43.5
43.8
43.5
43.7
43.8
43.5
43.4
43.6
43.5
43.5
43.8
43.5
43.7
43.8
43.6
43.5
43.7
43.7
43.7
43.7
43.5
43.5
43.6
43.5
43.7
43.5
43.7
43.7
43.7
43.7
43.7
43.5
43.5
43.7
43.6
43.5
43.7
43.5
43.5
43.6
43.7
43.7
43.6
43.7
43.6
43.7
43.6
43.5
43.7
43.6
43.6
43.7
43.5
43.5
43.5
43.5
43.7
43.7
43.7
43.7
43.6
43.4
43.5
43.5
43.6
43.5
43.7
43.5
43.7
43.6
43.5
43.5
43.6
43.5
43.5
43.6
43.6
43.6
43.6
43.4
43.6
43.7
43.6
43.6
43.6
43.5
43.6
43.6
43.6
43.5
43.5
43.6
43.6
43.7
43.4
43.6
43.6
43.5
43.5
43.5
43.6
43.5
43.5
43.5
43.5
43.6
43.4
43.7
43.5
43.6
43.4
43.6
43.4
43.6
43.5
43.6
43.6
43.6
43.6
43.4
43.6
43.5
43.6
43.4
43.6
43.6
43.4
43.5
43.4
43.5
43.5
43.4
43.6
43.4
43.5
43.5
43.6
43.4
43.4
43.5
43.5
43.4
43.4
43.6
43.6
43.5
43.4
43.5
43.6
43.6
43.5
43.5
43.4
43.4
43.5
43.4
43.5
43.6
43.5
43.4
43.5
43.5
43.4
43.5
43.5
43.4
43.5
43.6
43.4
43.5
43.5
43.4
43.5
43.4
43.5
43.5
43.4
43.5
43.5
43.4
43.5
43.5
43.4
43.4
43.4
43.5
43.5
43.6
43.6
43.4
43.5
43.5
43.5
43.5
43.5
43.4
43.4
43.5
43.5
43.4
43.5
43.4
43.5
43.5
43.6
43.4
43.5
43.4
43.4
43.4
43.4
43.4
43.5
43.4
43.3
43.5
43.5
43.3
43.4
43.4
43.3
43.5
43.4
43.5
43.4
43.5
43.4
43.5
43.5
43.5
43.3
43.3
43.5
43.5
43.3
43.4
43.5
43.3
43.3
43.5
43.3
43.3
43.4
43.4
43.4
43.3
43.4
43.4
43.4
43.4
43.3
43.4
43.4
43.4
43.5
43.3
43.2
43.3
43.4
43.3
43.3
43.3
43.3
43.3
43.5
43.3
43.3
43.4
43.4
43.3
43.4
43.4
43.4
43.3
43.3
43.3
43.3
43.3
43.3
43.4
43.3
43.3
43.3
43.3
43.3
43.3
43.4
43.3
43.3
43.4
43.5
43.6
43.3
43.4
43.4
43.4
43.3
43.3
43.2
43.4
43.4
43.3
43.3
43.2
43.2
43.3
43.2
43.3
43.2
43.3
43.2
43.2
43.4
43.2
43.3
43.3
43.2
43.4
43.3
43.3
43.2
43.2
43.4
43.3
43.4
43.2
43.3
43.3
43.3
43.3
43.3
43.3
43.3
43.3
43.3
43.3
43.2
43.4
43.2
43.2
43.2
43.2
43.1
43.2
43.3
43.3
43.2
43.2
43.2
43.4
43.2
43.2
43.3
43.2
43.2
43.2
43.2
43.2
43.2
43.2
43.2
43.3
43.2
43.2
43.2
43.2
43.3
43.2
43.2
43.1
43.1
43.1
43.2
43.2
43.3
43.1
43.3
43.2
43.2
43.3
43.2
43.3
43.1
43.1
43.3
43.2
43.2
43.2
43.2
43.1
43.2
43.2
43.1
43.3
43.2
43.2
43.3
43.1
43.3
43.2
43.2
43.3
43.2
43.2
43.3
43.2
43.2
43.3
43.1
43.1
43.2
43.3
43.3
43.1
43.2
43.2
43.1
43.2
43.1
43.1
43.1
43.1
43.2
43.2
43.2
43.2
43.1
43.1
43.2
43.2
43.1
43.1
43.1
43
43.2
43.1
43.1
43.3
43.1
43.1
43.1
43.1
43.2
43.2
43.2
43.1
43.2
43.1
43
43.3
43.1
43.1
43.1
43.1
43.2
43.1
43.1
43.2
43.1
43.1
43.2
43.2
43.1
43.2
43.2
43.1
43.1
43.2
43.3
43.1
43.3
43.3
43.1
43.2
43.1
43.2
43.2
43.3
43.2
43.3
43.2
43
43
43.2
43.2
43.1
43.2
43.2
43.2
43.1
43.1
43.2
43.2
43.1
43.1
43.2
43.1
43
43
43.1
43.3
43.1
43.2
43.3
43.1
43.4
43.3
43.2
43.1
43.2
43.1
43.1
43.2
43.2
43.3
43.1
43
43.3
43.2
43
43.1
43
43.3
43.2
43.2
43.1
43.1
43.1
43.2
43.1
43.1
43.2
43.1
43.2
43.2
43.2
43.2
43.1
43.2
43.2
43.1
43
43.1
43.2
43
43.1
43.2
43.1
43.2
43.2
43.1
43.1
43.2
43.2
43.2
43.2
43.1
43.1
43.1
43
43.1
43.2
43.2
43.1
43.2
43.2
43.1
43.1
43
43.2
43.1
43
43.3
43.1
43
43.2
43
43
43.2
43.1
43.2
43
43
43.1
43
43.1
43.3
43.2
43.1
43.2
43
43.2
43
43.1
43.1
43.1
43.2
43.2
43.1
43
43.2
43.1
43.1
43.1
43.1
43.2
43.1
43.1
43.2
43.2
43.1
43.2
43.1
43.2
43.2
43.1
43.1
43.1
43.2
43.2
43.1
43.3
43.3
43
43
43.1
43.3
43.1
43.1
43.1
43.1
43.2
43.1
43
43.1
43
43.2
43.1
43
43.2
43.1
43
43.1
43.1
43
43
43.2
43
43
43
43
43
43
43.1
43.2
43.1
43.2
43.1
43.1
43.1
43
43.2
43
43.2
43.1
43.2
43
43.1
43
43
43.1
43
43.2
43
43.1
43.1
43
43
43.1
43.1
43.2
43
43.2
43.1
43.2
43.1
43.1
43
43
43.1
43
43
43.2
43.1
43.1
43
43
43.2
43
43
43
43.2
43.1
43
43
43.1
43
43
43.1
43.2
43.1
43
43.2
43
43.1
43
43.1
43.1
43.1
43
43.2
43.2
43
43.1
43.1
43
43.1
43
43
43
43
43.2
43.1
43
43
43
43
43.1
43.1
43.2
43.1
43
43
43.1
43
43
43.1
43.1
43.2
43.2
43.2
43.2
43
43.1
43.1
42.9
43
43.1
43.1
43.1
43
43.1
43.2
43.2
43.1
43.1
43
43
43.1
43
43
42.9
43
42.9
43.2
42.9
43.2
43
43
43.1
43
42.9
43
42.9
43.1
43.1
43.1
43
42.9
43.1
43
43.1
43
43.1
43
43.1
43.1
43.1
42.9
43
43
42.9
43
43
43
42.9
43
42.9
42.9
42.9
43.1
42.9
43
43.1
43
43.1
43
43
43
43.1
43
43.1
43
43
43
43.1
43
43
43.1
43.2
43.1
43.1
43.2
43.2
43.2
43.2
43
43.1
43.1
43
43.1
43
43.2
43
43.1
42.9
43
43.2
43.2
43
43
43.2
43.2
43
43.3
43.1
43.2
43.1
43.1
43
43.2
43.2
43.2
43.3
43.2
43.2
43
43
43.2
43.1
43.1
43
43.1
43
43
43.1
43.3
43
43.2
43
43
43.1
43.2
43.2
43.2
43.1
43.1
43.1
43.3
43.2
43.1
43.3
43.1
43.1
43.2
43.1
43
43.1
43.1
43.3
43.3
43.1
43.1
43.1
43.1
43.1
43.3
43.4
43.1
43.1
43.2
43.3
43.2
43.1
43.1
43.1
43.1
43.2
43.3
43.1
43.2
43.3
43.1
43.2
43.2
43.1
43.4
43.1
43.1
43.1
43.4
43.3
43.2
43.1
43.1
43.4
43.4
43.2
43.4
43.3
43.1
43.4
43.2
43.3
43.4
43.2
43.3
43.1
43.1
43.4
43.1
43.1
43.2
43.2
43.4
43.2
43.5
43.4
43.4
43.4
43.3
43.2
43.2
43.3
43.4
43.2
43.4
43.3
43.2
43.4
43.2
43.3
43.3
43.4
43.2
43.2
43.2
43.4
43.4
43.2
43.4
43.2
43.2
43.3
43.2
43.2
43.3
43.2
43.3
43.2
43.3
43.1
43.1
43.1
43.4
43.3
43.1
43.2
43.1
43.4
43.2
43.1
43.1
43.3
43.1
43.4
43.4
43.2
43.3
43.1
43.2
43.4
43.2
43.2
43.2
43.2
43.2
43.4
43.3
43.3
43.4
43.2
43.2
43.2
43.3
43.2
43.1
43.2
43.2
43.3
43.3
43.1
43.2
43.1
43.1
43.2
43.3
43.1
43.2
43.2
43.2
43.2
43.2
43.3
43.2
43.1
43.1
43.2
43.2
43.2
43.1
43.4
43.2
43.3
43.2
43.1
43.2
43.1
43.3
43.1
43.2
43.1
43.1
43.2
43.1
43.1
43.1
43.3
43.1
43.2
43.3
43.2
43.1
43
43.2
43.2
43.1
43.1
43
43.1
43
43.1
43.1
43
43.2
43.2
43
43
43.2
43.3
43.1
43.1
43
43.1
43.2
43.1
43
43
43.2
43.2
43.1
43.1
43.1
43
43
43
43
43
43.2
43.2
43.1
43
43.2
43.1
43
42.9
43.2
42.9
43
43.1
43.1
43.1
43.1
43.1
43.1
43
42.9
43
43.1
43.1
43
43.1
43
42.9
43.1
43
43
43
42.9
43
42.9
43.1
42.9
42.9
43.1
43.2
43
42.9
42.9
42.9
43
43.1
42.9
43
43.1
43.1
43.1
42.9
43
42.9
42.8
42.9
43.1
42.9
42.8
43.1
42.8
43
42.9
42.9
43
42.8
42.8
43
43.1
42.9
42.8
43.1
43
42.8
42.9
43
42.8
43
42.9
42.8
43
43
42.9
42.9
42.9
42.8
43
42.8
43
42.8
42.8
42.9
42.8
42.8
42.8
42.8
42.9
43
42.8
42.8
43.1
42.9
42.8
42.7
42.8
42.9
42.9
42.8
42.8
42.7
42.9
42.8
42.9
42.9
42.8
42.9
42.7
43
42.8
42.7
42.8
42.8
42.8
42.9
42.9
42.7
42.7
42.8
42.9
42.9
42.7
42.9
42.7
42.7
42.8
42.7
42.9
42.8
42.9
42.7
42.7
42.7
42.7
42.9
42.9
42.8
42.8
42.7
42.7
42.7
42.7
42.8
42.9
42.7
42.8
42.7
42.7
42.9
42.7
42.7
42.8
42.7
42.7
42.7
42.7
42.7
42.8
42.7
42.8
42.8
42.7
42.7
42.7
42.8
42.7
42.7
42.7
42.7
42.8
42.9
42.7
42.7
42.8
42.8
42.8
42.7
42.7
42.7
42.7
42.7
42.7
42.8
42.7
42.7
42.8
42.7
42.7
42.7
42.7
42.6
42.8
42.7
42.7
42.7
42.7
42.7
42.7
42.7
42.7
42.7
42.5
42.7
42.7
42.7
42.7
42.7
42.7
42.7
42.7
42.6
42.6
42.7
42.7
42.7
42.6
42.7
42.6
42.7
42.7
42.7
42.7
42.7
42.7
42.7
42.6
42.7
42.7
42.7
42.7
42.7
42.7
42.6
42.7
42.7
42.7
42.7
42.6
42.7
42.7
42.6
42.7
42.6
42.7
42.7
42.6
42.7
42.6
42.7
42.6
42.7
42.7
42.7
42.7
42.6
42.6
42.7
42.5
42.6
42.6
42.7
42.7
42.7
42.6
42.6
42.6
42.6
42.5
42.7
42.6
42.6
42.5
42.7
42.7
42.7
42.7
42.6
42.5
42.6
42.6
42.7
42.6
42.7
42.6
42.6
42.6
42.6
42.6
42.5
42.7
42.7
42.5
42.5
42.6
42.6
42.5
42.7
42.4
42.6
42.5
42.7
42.5
42.6
42.5
42.5
42.6
42.6
42.6
42.5
42.5
42.6
42.4
42.7
42.5
42.6
42.6
42.5
42.5
42.5
42.6
42.4
42.5
42.5
42.6
42.5
42.5
42.7
42.6
42.5
42.5
42.6
42.5
42.4
42.5
42.5
42.5
42.6
42.7
42.4
42.6
42.5
42.6
42.5
42.6
42.5
42.5
42.5
42.6
42.6
42.4
42.5
42.5
42.6
42.5
42.6
42.4
42.5
42.5
42.4
42.5
42.6
42.5
42.5
42.5
42.6
42.5
42.4
42.6
42.4
42.5
42.6
42.5
42.5
42.5
42.5
42.4
42.6
42.4
42.5
42.4
42.5
42.5
42.4
42.4
42.4
42.5
42.4
42.4
42.6
42.6
42.4
42.5
42.4
42.4
42.6
42.5
42.5
42.5
42.4
42.5
42.4
42.3
42.5
42.3
42.4
42.4
42.5
42.4
42.4
42.4
42.5
42.4
42.6
42.4
42.5
42.5
42.5
42.5
42.6
42.4
42.5
42.6
42.6
42.5
42.5
42.5
42.4
42.4
42.6
42.4
42.5
42.5
42.3
42.5
42.6
42.4
42.4
42.4
42.5
42.5
42.4
42.5
42.6
42.4
42.4
42.4
42.5
42.4
42.5
42.5
42.5
42.4
42.5
42.4
42.5
42.3
42.5
42.4
42.5
42.6
42.5
42.4
42.4
42.5
42.4
42.4
42.4
42.6
42.6
42.4
42.7
42.4
42.5
42.5
42.3
42.4
42.5
42.5
42.3
42.4
42.6
42.5
42.5
42.5
42.4
42.4
42.5
42.4
42.5
42.3
42.4
42.5
42.4
42.4
42.4
42.5
42.4
42.5
42.5
42.4
42.4
42.4
42.6
42.3
42.4
42.3
42.5
42.6
42.5
42.4
42.4
42.3
42.4
42.3
42.3
42.6
42.3
42.5
42.4
42.6
42.5
42.3
42.3
42.5
42.5
42.5
42.4
42.4
42.4
42.4
42.4
42.5
42.5
42.4
42.5
42.5
42.5
42.4
42.4
42.4
42.5
42.5
42.4
42.5
42.5
42.5
42.5
42.4
42.4
42.4
42.5
42.4
42.5
42.5
42.5
42.4
42.4
42.5
42.3
42.4
42.4
42.5
42.4
42.4
42.5
42.5
42.3
42.5
42.5
42.5
42.5
42.5
42.4
42.5
42.4
42.5
42.5
42.5
42.4
42.5
42.4
42.5
42.4
42.4
42.5
42.4
42.5
42.6
42.4
42.3
42.5
42.5
42.4
42.4
42.6
42.4
42.5
42.4
42.4
42.4
42.5
42.6
42.4
42.5
42.6
42.6
42.4
42.5
42.5
42.4
42.5
42.4
42.5
42.4
42.4
42.4
42.5
42.4
42.4
42.5
42.4
42.6
42.4
42.3
42.3
42.5
42.4
42.4
42.5
42.4
42.4
42.4
42.6
42.5
42.5
42.4
42.4
42.5
42.5
42.4
42.4
42.4
42.4
42.5
42.5
42.4
42.4
42.5
42.5
42.5
42.5
42.5
42.5
42.5
42.6
42.5
42.5
42.4
42.5
42.4
42.4
42.4
42.6
42.4
42.6
42.4
42.5
42.6
42.5
42.5
42.4
42.4
42.5
42.4
42.5
42.4
42.4
42.5
42.6
42.5
42.6
42.5
42.5
42.5
42.5
42.6
42.5
42.5
42.5
42.6
42.4
42.4
42.6
42.6
42.4
42.6
42.5
42.4
42.5
42.5
42.6
42.6
42.6
42.5
42.5
42.5
42.6
42.5
42.5
42.5
42.7
42.5
42.5
42.6
42.6
42.6
42.7
42.6
42.7
42.6
42.7
42.7
42.7
42.7
42.6
42.6
42.6
42.6
42.7
42.7
42.6
42.7
42.7
42.6
42.6
42.7
42.6
42.7
42.6
42.7
42.7
42.7
42.7
42.8
42.8
42.8
42.7
42.8
42.7
42.7
42.7
42.8
42.7
42.7
42.7
42.8
42.7
42.8
42.7
42.7
42.7
42.8
42.8
42.7
42.9
42.7
42.9
42.8
42.8
42.8
42.8
42.9
42.8
42.8
42.7
43
42.9
43
42.9
42.8
42.9
42.8
42.8
42.8
43
42.8
42.8
42.8
42.8
42.8
42.8
42.9
42.9
42.8
42.9
42.8
42.8
42.9
43
43
43
43.1
42.9
42.9
43
42.9
43
43
43.1
43.1
43
43
43
42.9
43
43
43.1
42.9
43.1
43
43
43.1
43
43
43.1
43
43.1
43
43.1
43
43
43.1
43
43.1
43.1
43
43
43.1
43.1
43.2
43.2
43.2
43
43
43.2
43
43.2
43.1
43.2
43.2
43.3
43.3
43.1
43.1
43.3
43.1
43
43.1
43.1
43.2
43.3
43.1
43.2
43.2
43.2
43.2
43.3
43.2
43.3
43.2
43.4
43.2
43.4
43.2
43.4
43.2
43.2
43.2
43.5
43.4
43.4
43.2
43.3
43.4
43.4
43.3
43.2
43.3
43.5
43.3
43.3
43.3
43.5
43.3
43.5
43.4
43.4
43.4
43.3
43.5
43.5
43.3
43.4
43.4
43.3
43.5
43.5
43.4
43.4
43.6
43.5
43.6
43.5
43.5
43.6
43.4
43.6
43.6
43.4
43.6
43.5
43.6
43.5
43.4
43.6
43.6
43.7
43.6
43.6
43.5
43.7
43.7
43.7
43.5
43.6
43.7
44
43.7
43.6
43.8
43.5
43.8
43.6
43.7
43.7
43.6
43.6
43.6
43.7
43.7
43.8
43.6
43.6
43.7
43.8
43.8
43.7
43.8
43.7
43.6
43.6
43.8
43.8
43.8
43.9
43.8
43.7
43.8
43.9
43.8
43.7
43.8
43.8
43.7
43.8
43.7
43.8
43.9
43.9
43.7
43.8
43.7
43.8
43.7
43.8
43.7
43.7
43.8
43.9
43.7
44
43.8
43.8
44
43.9
44
43.8
43.9
43.8
44
44
43.8
44
43.8
44
43.9
44.1
44.1
43.9
43.9
43.9
44
44.1
43.9
44.1
44.1
43.9
44.1
44
44.2
44.1
44
44
44.1
44
44.1
43.9
44
44
44
44.1
44
44
43.9
44.2
44
44.1
44.2
44
44.2
44.2
44
44.1
44.1
44.2
44.1
44.3
44.1
44.2
44.3
44
44.3
44.1
44.2
44.2
44.2
44.2
44.1
44.1
44.1
44.2
44.1
44.2
44.3
44.2
44.2
44.1
44.4
44.1
44.2
44.1
44.2
44.3
44.3
44.4
44.2
44.2
44.3
44.2
44.2
44.4
44.3
44.4
44.2
44.4
44.3
44.2
44.2
44.4
44.3
44.2
44.3
44.2
44.4
44.5
44.4
44.3
44.2
44.3
44.5
44.3
44.5
44.5
44.4
44.5
44.3
44.4
44.5
44.6
44.4
44.4
44.4
44.6
44.5
44.4
44.3
44.5
44.3
44.4
44.4
44.5
44.4
44.4
44.4
44.4
44.4
44.6
44.6
44.6
44.5
44.6
44.4
44.6
44.5
44.4
44.6
44.5
44.6
44.4
44.5
44.4
44.6
44.6
44.5
44.4
44.5
44.5
44.4
44.4
44.6
44.7
44.6
44.4
44.7
44.5
44.5
44.5
44.5
44.7
44.5
44.5
44.5
44.8
44.5
44.5
44.7
44.6
44.4
44.5
44.5
44.5
44.5
44.6
44.8
44.4
44.6
44.6
44.7
44.7
44.8
44.8
44.5
44.6
44.6
44.8
44.7
44.6
44.6
44.8
44.6
44.7
44.8
44.7
44.7
44.6
44.7
44.6
44.8
44.5
44.7
44.6
44.6
44.7
44.6
44.5
44.6
44.6
44.6
44.6
44.8
44.6
44.7
44.8
44.8
44.7
44.6
44.7
44.6
44.7
44.6
44.7
44.7
44.8
44.6
44.8
44.8
44.7
44.8
44.8
44.7
44.6
44.8
44.6
44.7
44.6
44.6
44.9
44.9
44.8
44.9
44.9
44.6
44.7
44.7
44.7
44.8
44.8
44.9
44.7
44.7
45
44.7
44.8
44.9
44.7
44.7
44.9
44.8
44.8
44.9
44.8
44.8
44.7
44.7
44.7
44.7
44.8
44.9
44.8
44.9
44.8
44.9
44.8
44.8
44.8
44.9
44.8
44.8
44.8
44.9
44.9
44.9
44.7
44.8
44.8
44.8
44.7
44.7
44.9
44.8
44.9
44.9
44.9
44.8
45.5
44.7
44.9
45
44.9
45
45
44.8
44.8
44.8
44.8
45
44.8
44.8
44.9
44.8
44.8
45.1
45
44.9
45
44.9
45
44.8
44.8
44.8
44.9
45.1
44.9
45.1
45
44.9
44.9
44.9
45
45
44.9
45
44.9
45
44.9
45
45.1
45
44.9
44.8
45.1
45
44.9
44.9
45
44.9
45.1
45
45
45
45.1
45
44.9
44.9
44.9
45
45.1
45
44.9
44.9
45
44.9
45
44.9
44.9
44.9
44.9
45.1
44.9
45.2
45
45
45.1
45.2
45
44.9
44.9
44.9
44.9
44.9
45.1
45
45
45
44.9
45.1
45.1
45.2
45
45.1
45
44.9
45.1
45
45
45.2
45.2
45.2
44.9
45.1
45
45.2
45.1
45
45
45.1
45.2
45.1
45.1
45.1
45
45.2
45.2
45.2
45.1
45
45.2
45
45.1
45.2
45.2
45.2
45.2
45.1
45.1
45.2
45.2
45.2
45
45.3
45.2
45.2
45.2
45.3
45.1
45.2
45.3
45.1
45.3
45.3
45.3
45.2
45.4
45.3
45.2
45.4
45.4
45.3
45.3
45.2
45.2
45.4
45.3
45.2
45.4
45.4
45.4
45.3
45.2
45.3
45.5
45.3
45.4
45.3
45.4
45.2
45.3
45.3
45.2
45.3
45.3
45.4
45.2
45.4
45.4
45.3
45.4
45.2
45.3
45.4
45.3
45.3
45.5
45.4
45.3
45.5
45.4
45.3
45.4
45.4
45.5
45.4
45.3
45.6
45.4
45.5
45.5
45.5
45.5
45.5
45.3
45.3
45.4
45.4
45.5
45.3
45.6
45.5
45.6
45.4
45.5
45.4
45.5
45.6
45.4
45.6
45.6
45.5
45.4
45.4
45.6
45.6
45.4
45.4
45.4
45.4
45.6
45.6
45.4
45.4
45.4
45.6
45.6
45.4
45.6
45.3
45.6
45.4
45.6
45.4
45.5
45.6
45.5
45.6
45.6
45.5
45.7
45.5
45.6
45.4
45.6
45.6
45.6
45.5
45.5
45.5
45.5
45.7
45.6
45.6
45.6
45.6
45.7
45.4
45.5
45.6
45.7
45.7
45.6
45.7
45.7
45.5
45.5
45.7
45.7
45.5
45.6
45.6
45.6
45.7
45.7
45.8
45.5
45.7
45.6
45.5
45.7
45.9
45.7
45.6
45.7
45.6
45.5
45.6
45.4
45.6
45.4
45.5
45.6
45.4
45.4
45.5
45.6
45.4
45.5
45.3
45.6
45.3
45.3
45.4
45.4
45.3
45.3
45.5
45.4
45.4
45.4
45.5
45.5
45.3
45.5
45.4
45.4
45.4
45.3
45.4
45.3
45.5
45.2
45.3
45.2
45.4
45.3
45.3
45.2
45.2
45.4
45.4
45.2
45.2
45.2
45.4
45.2
45.2
45.2
45.2
45.1
45.2
45.4
45.4
45.2
45.4
45.3
45.4
45.3
45.3
45.4
45.1
45.1
45.3
45.3
45.1
45.2
45.2
45.4
45.2
45.2
45.4
45.1
45.2
45.2
45.4
45.2
45.2
45.2
45.5
45.2
45.2
45.3
45.2
45.2
45.2
45.4
45.2
45.2
45.3
45.2
45.2
45.2
45.2
45.2
45.3
45.3
45.4
45.4
45.4
45.2
45.4
45.4
45.2
45.4
45.2
45.2
45.5
45.5
45.5
45.5
45.5
45.5
45.3
45.3
45.5
45.4
45.5
45.3
45.3
45.4
45.4
45.4
45.5
45.4
45.5
45.3
45.5
45.5
45.3
45.5
45.3
45.4
45.5
45.3
45.5
45.3
45.4
45.3
45.3
45.5
45.3
45.3
45.4
45.4
45.5
45.5
45.4
45.5
45.5
45.6
45.4
45.4
45.3
45.4
45.5
45.5
45.3
45.2
45.5
45.5
45.3
45.3
45.3
45.3
45.4
45.4
45.3
45.4
45.5
45.5
45.5
45.4
45.5
45.4
45.5
45.4
45.3
45.4
45.3
45.4
45.5
45.5
45.5
45.6
45.4
45.3
45.3
45.3
45.5
45.3
45.5
45.2
45.4
45.3
45.4
45.5
45.5
45.3
45.5
45.3
45.3
45.3
45.3
45.3
45.5
45.3
45.3
45.3
45.5
45.5
45.5
45.5
45.4
45.5
45.4
45.3
45.4
45.5
45.4
45.6
45.3
45.4
45.4
45.6
45.4
45.5
45.6
45.5
45.7
45.5
45.5
45.5
45.5
45.5
45.7
45.6
45.5
45.8
45.7
45.7
45.7
45.7
45.7
45.5
45.6
45.5
45.8
45.5
45.5
45.6
45.7
45.5
45.5
45.6
45.6
45.5
45.7
45.5
45.5
45.7
45.5
45.7
45.5
45.5
45.5
45.6
45.6
45.6
45.6
45.6
45.8
45.5
45.7
45.5
45.5
45.5
45.6
45.7
45.6
45.6
45.6
45.6
45.6
45.5
45.5
45.5
45.7
45.6
45.7
45.5
45.6
45.7
45.5
45.5
45.6
45.6
45.5
45.5
45.4
45.4
45.6
45.5
45.5
45.4
45.4
45.5
45.7
45.4
45.5
45.4
45.5
45.4
45.5
45.5
45.4
45.5
45.4
45.5
45.5
45.5
45.5
45.4
45.6
45.4
45.5
45.4
45.5
45.5
45.5
45.4
45.5
45.4
45.6
45.5
45.5
45.6
45.4
45.5
45.5
45.6
45.4
45.5
45.4
45.4
45.6
45.5
45.4
45.4
45.5
45.5
45.5
45.4
45.4
45.4
45.4
45.6
45.4
45.4
45.4
45.3
45.5
45.4
45.5
45.5
45.5
45.5
45.4
45.3
45.4
45.4
45.5
45.5
45.4
45.5
45.4
45.5
45.5
45.4
45.3
45.4
45.3
45.3
45.3
45.4
45.4
45.2
45.3
45.4
45.4
45.4
45.3
45.3
45.3
45.4
45.4
45.4
45.3
45.3
45.3
45.3
45.3
45.3
45.3
45.4
45.3
45.3
45.3
45.4
45.4
45.2
45.3
45.3
45.3
45.2
45.4
45.3
45.4
45.2
45.4
45.3
45.3
45.3
45.3
45.3
45.4
45.3
45.2
45.3
45.3
45.2
45.2
45.3
45.2
45.2
45.2
45.1
45.2
45.2
45.2
45.2
45.3
45.3
45.1
45.2
45.3
45
45.2
45.1
45.1
45.2
45.2
45.2
45.3
45.2
45.2
45.3
45.1
45.1
45.2
45.2
45.1
45.1
45.2
45.2
45.2
45.1
45.1
45.1
45.2
45.2
45.1
45
45.2
45.2
45.2
45.2
45.2
45.2
45.2
45.1
45.1
45
45.2
45.1
45.1
45.1
45.1
45.1
45.1
45
45.1
45
45.1
45.1
45.2
45.1
45.1
45.1
45.1
45.1
45.1
45.1
45
45
44.9
45
45
45.1
44.9
45.1
45
45
45.1
45
45
45
45.1
45
45
45.1
45.1
44.9
45
45
45.1
45
45
45.1
45
45
45
44.8
45
45.1
44.9
44.9
45
45
44.9
45
44.9
44.9
45
45.1
44.9
44.9
44.9
45
45
45
45
44.9
45
45.1
44.9
45
44.9
45
44.9
44.9
44.8
44.9
44.8
44.9
45
44.9
44.9
44.9
44.9
44.9
44.9
44.9
45
44.9
45
44.9
44.8
44.9
44.9
44.9
45
45
45
44.9
44.8
45
44.9
44.9
44.8
45
45
45
44.9
44.9
45
45
44.7
45
45
45
44.8
45
45
44.9
44.8
45
44.8
45
44.9
44.9
45
45
45
44.9
44.9
44.8
44.9
44.9
45
45
44.8
44.9
44.9
44.8
44.8
44.9
44.9
45
44.9
45
45
45
45
44.8
43
41.7
41.1
40.9
40.9
40.8
40.7
40.6
40.4
40.6
40.5
40.3
40.1
39.8
39.8
39.6
39.4
39.2
39.3
39.1
39
38.9
38.9
38.7
38.7
38.5
38.4
38.5
38.3
38.3
38.2
38.1
38
37.8
37.6
37.7
37.6
37.6
37.3
37.5
37.1
37.2
37.3
37.1
36.8
36.8
36.7
36.7
36.6
36.6
36.3
36.3
36.2
36.1
36.2
35.9
36.1
35.8
35.9
35.6
35.7
35.7
35.5
35.4
35.5
35.3
35.3
35.3
35.1
35
34.9
35
34.7
34.7
34.8
34.6
34.6
34.7
34.6
34.4
34.4
34.3
34.3
34.4
34.2
34.3
34.1
34.1
34
34
34.1
33.8
33.9
33.9
33.7
33.7
33.5
33.6
33.4
33.5
33.4
33.3
33.4
33.4
33.2
33.1
33.1
33
33
33
33.1
32.9
32.9
32.9
32.7
32.8
32.5
32.5
32.6
32.5
32.5
32.4
32.5
32.2
32.2
32.1
32.1
32
32.2
31.9
31.8
31.9
31.8
31.9
31.9
31.8
31.8
31.8
31.8
31.6
31.7
31.6
31.4
31.5
31.4
31.4
31.5
31.3
31.2
31.2
31.2
31
31.1
31.1
31
30.9
30.9
30.8
30.8
31
30.7
30.7
30.9
30.8
30.6
30.7
30.5
30.6
30.5
30.6
30.5
30.6
30.5
30.4
30.4
30.4
30.3
30.4
30.2
30.1
30.3
30.1
30.2
30.1
30.2
30
30
29.9
29.8
29.7
29.8
29.9
29.7
29.6
29.7
29.8
29.7
29.6
29.5
29.6
29.6
29.7
29.5
29.6
29.4
29.3
29.4
29.4
29.2
29.2
29.4
29.3
29.1
29.3
29.1
29.2
29.1
29.2
29.1
29
28.9
28.8
28.9
29
29
28.9
28.9
28.7
28.7
28.9
28.7
28.6
28.8
28.5
28.7
28.6
28.5
28.5
28.4
28.5
28.6
28.4
28.5
28.2
28.4
28.4
28.2
28.4
28.3
28.4
28.3
28
27.9
28.2
27.9
27.9
28.1
27.9
27.9
27.9
28.1
27.9
27.9
27.9
28.1
27.9
28.1
28.2
28
28
28
28.1
28.1
27.9
28
28
27.9
27.9
27.9
27.9
27.9
28
28.1
27.9
28.1
28.2
27.9
27.9
27.8
28.1
28
27.9
27.9
28
28
28.1
27.9
27.9
27.9
27.9
28
28
28.1
27.9
28.2
27.9
27.9
28
28.2
28
27.9
27.9
27.9
28.1
28
27.9
27.9
28.1
28.2
28.1
27.9
28.2
28
28
27.9
28.1
27.9
28.1
28.1
28
27.9
28.2
28
28
28.2
28
28.2
28
28.1
28.2
28.2
28
28.3
28.2
28
28.2
28.1
28.3
28.3
28.3
28.2
28.1
28.1
28.3
28.2
28.1
28
28.1
28
28
28.1
28.2
28
28.2
28.1
28.2
28
28.1
28.1
28
28.1
28.2
28.2
28.2
28.1
28.2
28.3
28.2
28.3
28.2
28.1
28.2
28.3
28.3
28.1
28.3
28.1
28
28.2
28.2
28.1
28.3
28.1
28.1
28.3
28.3
28.2
28.2
28.3
28.1
28.1
28.3
28.1
28.1
28.2
28.2
28.1
28.1
28.1
28.2
28.1
28.1
28.2
28.3
28.3
28.2
28.2
28.1
28.3
28.3
28.1
28.3
28.3
28.3
28.2
28.3
28.3
28.1
28.2
28.1
28.3
28.1
28.2
28.2
28.1
28.2
28.1
28.3
28.1
28.3
28.2
28.2
28.3
28.1
28.3
28.2
28.1
28.1
28.1
28.2
28.2
28.1
28.1
28.1
28.1
28.3
28.2
28.1
28.1
28.2
28.1
28.3
28.2
28.1
28.1
28.1
28.1
28.3
28.1
28.1
28.2
28.1
28.2
28.3
28.2
28.2
28.1
28.3
28.1
28.2
28.1
28.1
28.3
28.1
28.3
28.2
28.3
28.4
28.1
28.3
28.4
28.1
28.1
28.2
28.3
28.1
28.2
28.1
28.2
28.2
28.3
28.2
28.2
28.3
28.3
28.3
28.3
28.3
28.2
28.1
28.2
28.1
28.3
28.3
28.3
28.3
28.3
28.1
28.1
28.3
28.3
28.1
28.1
28.3
28.1
28.3
28.1
28.1
28.3
28.2
28.3
28.2
28.2
28.2
28.2
28.2
28.2
28.1
28.1
28.1
28.3
28.2
28.1
28.3
28.4
28.2
28.2
28.2
28.2
28.3
28.1
28.2
28.3
28.2
28.2
28.2
28.1
28.2
28.2
28.3
28.1
28.3
28.3
28.2
28.2
28.2
28.1
28.1
28.3
28.2
28.2
28.1
28.3
28.2
28.3
28.3
28.3
28.3
28.3
28.2
28.3
28.3
28.2
28.2
28.3
28.3
28.3
28.2
28.2
28.2
28.3
28.2
28.2
28.3
28.4
28.2
28.3
28.2
28.4
28.2
28.2
28.2
28.2
28.1
28.2
28.3
28.1
28.2
28.2
28.1
28.2
28.4
28.1
28.3
28.2
28.2
28.2
28.3
28.1
28.1
28.2
28.3
28.3
28.3
28.3
28.2
28.1
28.4
28.3
28.3
28.2
28.2
28.3
28.4
28.2
28.4
28.3
28.3
28.3
28.3
28.3
28.2
28.3
28.3
28.2
28.3
28.2
28.3
28.4
28.3
28.4
28.1
28.2
28.2
28.2
28.4
28.3
28.2
28.2
28.4
28.2
28.4
28.2
28.4
28.3
28.2
28.2
28.2
28.2
28.3
28.3
27.9
28.2
28.3
28.3
28.1
28.4
28.3
28.3
28.3
28.3
28.1
28.3
28.2
28.3
28.3
28.1
28.3
28.1
28.2
28.2
28.4
28.2
28.2
28.2
28.4
28.4
28.2
28.4
28.2
28.3
28.4
28.3
28.3
28.4
28.3
28.2
28.3
28.3
28.3
28.3
28.2
28.2
28.3
28.3
28.3
28.4
28.3
28.4
28.2
28.4
28.3
28.2
28.3
28.2
28.4
28.3
28.2
28.2
28.3
28.5
28.4
28.2
28.3
28.2
28.2
28.3
28.3
28.4
28.4
28.3
28.2
28.2
28.2
28.3
28.3
28.2
28.2
28.3
28.2
28.2
28.4
28.2
28.3
28.3
28.4
28.3
28.4
28.3
28.2
28.2
28.4
28.4
28.3
28.2
28.2
28.2
28.2
28.2
28.2
28.3
28.4
28.2
28.2
28.4
28.4
28.4
28.2
28.3
28.3
28.2
28.1
28.3
28.4
28.2
28.3
28.4
28.2
28.3
28.3
28.3
28.3
28.2
28.3
28.2
28.3
28.3
28.3
28.3
28.4
28.2
28.2
28.2
28.3
28.3
28.4
28.2
28.3
28.4
28.4
28.2
28.3
28.3
28.4
28.2
28.2
28.4
28.2
28.2
28.3
28.2
28.2
28.3
28.3
28.2
28.2
28.4
28.3
28.4
28.2
28.3
28.3
28.4
28.3
28.3
28.4
28.2
28.3
28.2
28.3
28.3
28.4
28.4
28.3
28.4
28.4
28.3
28.3
28.2
28.2
28.4
28.3
28.4
28.3
28.3
28.2
28.4
28.4
28.2
28.3
28.4
28.4
28.3
28.2
28.2
28.2
28.2
28.4
28.2
28.4
28.3
28.4
28.4
28.3
28.3
28.3
28.3
28.3
28.3
28.3
28.2
28.2
28.3
28.3
28.3
28.2
28.4
28.3
28.3
28.3
28.3
28.4
28.2
28.4
28.2
28.2
28.3
28.2
28.2
28.3
28.3
28.3
28.3
28.4
28.4
28.3
28.4
28.2
28.3
28.2
28.2
28.4
28.2
28.3
28.2
28.3
28.3
28.3
28.3
28.2
28.2
28.4
28.2
28.2
28.2
28.4
28.4
28.4
28.3
28.2
28.2
28.3
28.2
28.2
28.3
28.2
28.2
28.3
28.4
28.2
28.2
28.3
28.3
28.4
28.3
28.4
28.4
28.2
28.4
28.2
28.3
28.4
28.2
28.3
28.4
28.3
28.4
28.3
28.3
28.3
28.4
28.2
28.3
28.2
28.3
28.3
28.2
28.4
28.3
28.3
28.3
28.4
28.4
28.4
28.4
28.3
28.3
28.3
28.3
28.4
28.4
28.3
28.4
28.4
28.3
28.2
28.4
28.4
28.3
28.3
28.3
28.2
28.4
28.2
28.3
28.2
28.4
28.2
28.4
28.2
28.3
28.3
28.4
28.5
28.3
28.3
28.3
28.3
28.3
28.4
28.2
28.2
28.3
28.4
28.2
28.4
28.3
28.3
28.4
28.4
28.2
28.3
28.2
28.3
28.3
28.3
28.4
28.2
28.4
28.3
28.4
28.4
28.3
28.3
28.2
28.3
28.4
28.4
28.3
28.3
28.4
28.4
28.4
28.3
28.3
28.4
28.4
28.4
28.4
28.2
28.4
28.4
28.4
28.3
28.4
28.3
28.2
28.2
28.2
28.4
28.4
28.4
28.3
28.4
28.2
28.4
28.4
28.4
28.3
28.3
28.4
28.4
28.3
28.3
28.3
28.3
28.4
28.3
28.4
28.5
28.3
28.4
28.3
28.2
28.3
28.3
28.2
28.4
28.3
28.2
28.4
28.3
28.2
28.4
28.4
28.3
28.4
28.3
28.4
28.2
28.2
28.2
28.2
28.3
28.3
28.3
28.3
28.4
28.2
28.2
28.3
28.3
28.4
28.3
28.4
28.4
28.4
28.3
28.3
28.4
28.3
28.3
28.3
28.4
28.3
28.3
28.3
28.3
28.4
28.3
28.3
28.2
28.3
28.4
28.3
28.2
28.3
28.4
28.3
28.4
28.2
28.2
28.3
28.4
28.4
28.2
28.3
28.3
28.3
28.2
28.3
28.2
28.2
28.4
28.3
28.4
28.2
28.3
28.3
28.2
28.4
28.2
28.2
28.3
28.3
28.2
28.4
28.2
28.2
28.3
28.4
28.3
28.3
28.3
28.3
28.3
28.3
28.3
28.4
28.3
28.4
28.4
28.3
28.3
28.4
28.3
28.3
28.3
28.4
28.2
28.3
28.4
28.4
28.2
28.4
28.3
28.3
28.3
28.5
28.3
28.4
28.4
28.3
28.3
28.6
28.4
28.2
28.2
28.3
28.2
28.3
28.4
28.3
28.3
28.3
28.3
28.4
28.4
28.2
28.2
28.3
28.3
28.3
28.4
28.2
28.4
28.4
28.3
28.4
28.3
28.3
28.3
28.3
28.5
28.3
28.2
28.3
28.4
28.3
28.2
28.3
28.2
28.4
28.3
28.5
28.3
28.3
28.3
28.4
28.2
28.4
28.4
